0 0 0 111111111
0 0 2 001011111
0 0 2 001111001
0 0 2 010010111
0 0 2 100110111
0 0 2 100111100
0 0 2 111011001
0 0 2 111010010
0 0 2 111110100
0 0 3 000101111
0 0 3 000111000
0 0 3 000011110
0 0 1 110111110
0 0 2 101110110
0 0 2 101111101
0 0 2 011011101
0 0 1 011111011
0 0 2 101011011
0 0 2 110110101
0 0 3 000010101
0 0 2 010101111
0 0 2 010111000
0 0 2 010011110
0 0 2 010110011
0 0 2 001111011
0 0 2 001011101
0 0 2 011101010
0 0 2 011110110
0 0 2 000111110
0 0 2 011111101
0 0 2 011011011
0 0 2 100111010
0 0 2 010011010
0 0 2 010111100
0 0 2 010101011
0 0 2 010110111
0 0 2 001111111
0 0 2 001011001
0 0 0 000000000
