0 0 0 111111111
0 0 0 000101111
0 0 0 000111000
0 0 0 000011110
0 0 0 000010101
0 0 0 000110011
0 0 0 000110011
0 0 0 001000111
0 0 0 001011111
0 0 0 001101010
0 0 0 001101010
0 0 0 001110110
0 0 0 001111001
0 0 0 001101110
0 0 0 000110111
0 0 0 000111100
0 0 0 000011010
0 0 0 000101011
0 0 0 001110010
0 0 0 001110010
0 0 0 001111101
0 0 0 001011011
0 0 0 001111101
0 0 0 001111101
0 0 0 010001111
0 0 0 000110101
0 0 0 000010011
0 0 0 000111110
0 0 0 001100111
0 0 0 010010011
0 0 0 010010101
0 0 0 001011101
0 0 0 001010110
0 0 0 000001111
0 0 0 001111011
0 0 0 010010111
0 0 0 010011000
0 0 0 010011000
0 0 0 010011100
0 0 0 000100110
0 0 0 000000000
