0 0 0 1010101110000000000000000
0 0 1 1010101110000100011100010
0 0 1 0010110110100100011100010
0 0 1 0000111000101100011100010
0 0 1 0000011011101110011100010
0 0 1 0000001011011111011100010
0 0 1 0000000011100111111100010
0 0 1 0000000011000110011110010
0 0 1 0000000011000110111101110
0 0 1 0000000011000111011101010
0 0 1 0000000011000111111110110
0 0 1 0000000011100110011100110
0 0 1 0000000011100110111111010
0 0 1 0000000011100111011111110
0 0 1 0000001011001110101101010
0 0 1 0000001011001110001110110
0 0 1 0000001011001110001010101
0 0 1 0000001011001110011011011
0 0 1 0000001011001110011111000
0 0 1 0000001011001110101001001
0 0 1 0000001011001110111000111
0 0 1 0000001010001000111100111
0 0 1 0000001010001000111000100
0 0 1 0000001010001001111011100
0 0 1 0000001010001001111111111
0 0 1 0000001011001110111100100
0 0 1 0000001011001111001001101
0 0 1 0000001011001111001101110
0 0 1 0000001011001111011000011
0 0 1 0000001011001111011100000
0 0 1 0000001011001111101010001
0 0 1 0000001011001111101110010
0 0 1 0000001011001111111011111
0 0 1 0000001011001111111111100
0 0 1 0000001011011110001010111
0 0 1 0000001011011110001110100
0 0 1 0000001011011110011011001
0 0 1 0000001011011110011111010
0 0 1 0000001011011110101001011
0 0 1 0000001011011110101101000
0 0 1 0000001011011110111000101
0 0 1 0000001010011000111100101
0 0 1 0000001010011000111000110
0 0 1 0000001010011001111011110
0 0 1 0000001000010111110011110
0 0 1 0000001000010101111111111
0 0 1 0000000000101101011111111
0 0 1 0000000000001100111101111
0 0 1 0000000000001100011110011
0 0 1 0000000000001100111001100
