0 0 0 1010101110000000000000000
0 0 0 0110111110000000000000000
0 0 0 1101101010000000000000000
0 0 0 1011001111000000000000000
0 0 0 0010110110100000000000000
0 0 0 1110110010010000000000000
0 0 0 1011101001000100000000000
0 0 0 1010001101000010000000000
0 0 0 1010111110110001000000000
0 0 0 1010100110111000100000000
0 0 0 1010101010011100010000000
0 0 0 1010101100001110001000000
0 0 0 1010101111000110000100000
0 0 0 1010101110100001100010000
0 0 0 1010101110010001110001000
0 0 0 1010101110001000111000100
0 0 0 1010101110000100011100010
0 0 0 1010101110000010001100001
0 0 0 1010101110000001000011000
0 0 0 1010101110000000100011100
0 0 0 1010101110000000010001110
0 0 0 1010101110000000001000111
0 0 0 1010101110000000000100011
0 0 0 0001111010000000000000000
0 0 0 0101011100000000000000000
0 0 0 0111011111000000000000000
0 0 0 1110100110100000000000000
0 0 0 0010100010010000000000000
0 0 0 0111111001000100000000000
0 0 0 0110011101000010000000000
0 0 0 0110101110110001000000000
0 0 0 0110110110111000100000000
0 0 0 0110111010011100010000000
0 0 0 0110111100001110001000000
0 0 0 0110111111000110000100000
0 0 0 0110111110100001100010000
0 0 0 0110111110010001110001000
0 0 0 0110111110001000111000100
0 0 0 0110111110000100011100010
0 0 0 0110111110000010001100001
0 0 0 0110111110000001000011000
0 0 0 0110111110000000100011100
0 0 0 0110111110000000010001110
0 0 0 0110111110000000001000111
0 0 0 0110111110000000000100011
0 0 0 0001111010000000000000000
0 0 0 0011100010000000000000000
0 0 0 0000000000000000000000000
