0 0 0 0000000000000100000000111000000001000000000001000000001110000000010000000000000000000000000000000000
0 0 0 1100000000100100000000111000000001000000000001000000001110000000010000000000000000000000000000000000
0 0 0 1110000000010100000000111000000001000000000001000000001110000000010000000000000000000000000000000000
0 0 0 0111000000001100000000111000000001000000000001000000001110000000010000000000000000000000000000000000
0 0 0 0011100000000000000000111000000001000000000001000000001110000000010000000000000000000000000000000000
0 0 0 0001110000000110000000111000000001000000000001000000001110000000010000000000000000000000000000000000
0 0 0 0000111000000101000000111000000001000000000001000000001110000000010000000000000000000000000000000000
0 0 0 0000011100000100100000111000000001000000000001000000001110000000010000000000000000000000000000000000
0 0 0 0000001110000100010000111000000001000000000001000000001110000000010000000000000000000000000000000000
0 0 0 0000000111000100001000111000000001000000000001000000001110000000010000000000000000000000000000000000
0 0 0 0000000011000100000100111000000001000000000001000000001110000000010000000000000000000000000000000000
0 0 0 1000000000110100000010111000000001000000000001000000001110000000010000000000000000000000000000000000
0 0 0 0100000000111100000001111000000001000000000001000000001110000000010000000000000000000000000000000000
0 0 0 0010000000011000000000011000000001000000000001000000001110000000010000000000000000000000000000000000
0 0 0 0001000000001010000000101000000001000000000001000000001110000000010000000000000000000000000000000000
0 0 0 0000100000000011000000110000000001000000000001000000001110000000010000000000000000000000000000000000
0 0 0 0000010000000111100000111100000001000000000001000000001110000000010000000000000000000000000000000000
0 0 0 0000001000000101110000111010000001000000000001000000001110000000010000000000000000000000000000000000
0 0 0 0000000100000100111000111001000001000000000001000000001110000000010000000000000000000000000000000000
0 0 0 0000000010000100011100111000100001000000000001000000001110000000010000000000000000000000000000000000
0 0 0 0000000001000100001100111000010001000000000001000000001110000000010000000000000000000000000000000000
0 0 0 0000000000100100000011111000001001000000000001000000001110000000010000000000000000000000000000000000
0 0 0 0000000000010100000011011000000101000000000001000000001110000000010000000000000000000000000000000000
0 0 0 0000000000001100000001001000000011000000000001000000001110000000010000000000000000000000000000000000
0 0 0 0000000000000000000000000000000000000000000001000000001110000000010000000000000000000000000000000000
0 0 0 0000000000000000000000000000000000000000000000000000000000000000000000000000000000000000000000000000
