0 1 0 111111111
4 2 2 001011111
4 2 2 100110111
4 2 2 111011001
4 2 2 111110100
5 2 3 000101111
5 3 2 001111001
5 3 2 010010111
5 2 3 011001011
5 3 2 100111100
5 2 3 110100110
5 3 2 111010010
5 2 3 111101000
6 3 3 000111000
6 3 3 001110001
6 4 2 001010111
6 3 3 001110110
5 4 1 010111110
6 4 2 001111010
6 4 2 001111101
6 3 3 010010010
6 3 3 010010101
6 4 2 001011101
6 4 2 010011110
6 4 2 010110011
6 4 2 010111001
6 3 3 011011100
5 4 1 011111010
6 4 2 011010111
6 3 3 011100111
6 3 3 011101101
6 3 3 100011011
5 4 1 010111011
6 3 3 100011100
6 4 2 010111100
6 4 2 100010111
6 4 2 100110101
6 4 2 100111010
6 4 2 100111101
6 2 4 101000101
6 3 3 101010010
6 4 2 011110010
6 4 2 101011001
6 3 3 101101011
6 3 3 101101110
6 4 2 101110100
6 4 2 101111001
6 4 2 101111100
6 3 3 110001111
6 4 2 110011010
