0 1 0 1010101110000000000000000
3 2 1 1010101110000100011100010
3 2 1 1010101110001000111000100
3 2 1 1010101110010001110001000
4 3 1 0010110110100100011100010
4 3 1 0010110110101000111000100
4 3 1 0010110110110001110001000
4 3 1 0100100110000100011100010
4 3 1 0100100110001000111000100
4 3 1 0100100110010001110001000
4 2 2 0110111110000000000000000
4 3 1 0110111110000100011100010
4 3 1 0110111110001000111000100
4 3 1 0110111110010001110001000
4 3 1 1000100000001100011100010
4 3 1 1000100000011001110001000
4 3 1 1001001100000100011100010
4 3 1 1001001100001000111000100
4 3 1 1001001100010001110001000
4 3 1 1010001101000110011100010
4 3 1 1010001101001010111000100
4 3 1 1010001101010011110001000
4 2 2 1010100110111000100000000
4 3 1 0010111110011000100000000
4 3 1 0100101110111000100000000
4 3 1 1010100110111100111100010
4 2 2 1010101010011100010000000
4 3 1 1010101010011110011100001
4 3 1 1010101010111101110010000
4 2 2 1010101100001110001000000
4 3 1 1001001110001110001000000
4 3 1 1010001111001100001000000
4 3 1 1010101100011111111001000
4 2 2 1010101110000000000100011
4 2 2 1010101110000000001000111
4 2 2 1010101110000000010001110
4 2 2 1010101110000000100011100
4 2 2 1010101110000001000011000
4 2 2 1010101110000010001100001
4 3 1 1010101110000100111111110
4 3 1 1010101110000101011111010
4 3 1 1010101110001000011011000
4 3 1 1010101110001000101001010
4 3 1 1010101110001000110000011
4 3 1 1010101110001000111100111
4 3 1 1010101110001001111011100
4 3 1 1010101110001010110100101
4 3 1 1010101110001100100100110
4 3 1 1010101110010001110101011
4 3 1 1010101110010001111001111
