No solution01110000000000000000
0 0 0 0010110110100000000000000
0 0 0 0000111000101000000000000
0 0 0 0001010100100000000000000
0 0 0 0010010101100010000000000
0 0 0 0010100110010001000000000
0 0 0 0010110010111100010000000
0 0 0 0010110100101110001000000
0 0 0 0010110110000001100010000
0 0 0 0010110110100000000100011
0 0 0 0010110110100000001000111
0 0 0 0010110110100000010001110
0 0 0 0010110110100000100011100
0 0 0 0010110110100001000011000
0 0 0 0010110110100010001100001
0 0 0 0010110110100100011100010
0 0 0 0010110110101000111000100
0 0 0 0010110110110001110001000
0 0 0 0010110111100110000100000
0 0 0 0010111110011000100000000
0 0 0 0011010111100000000000000
0 0 0 0011110001100100000000000
0 0 0 0101110010100000000000000
0 0 0 0110101010110000000000000
0 0 0 1100111110100000000000000
0 0 0 1110100110100000000000000
0 0 0 0100100110000000000000000
0 0 0 0000111010010000000000000
0 0 0 0011100010000000000000000
0 0 0 0100000101000010000000000
0 0 0 0100100010011100010000000
0 0 0 0100100100001110001000000
0 0 0 0100100110000000000100011
0 0 0 0100100110000000001000111
0 0 0 0100100110000000010001110
0 0 0 0100100110000000100011100
0 0 0 0100100110000001000011000
0 0 0 0100100110000010001100001
0 0 0 0100100110000100011100010
0 0 0 0100100110001000111000100
0 0 0 0100100110010001110001000
0 0 0 0100100110100001100010000
0 0 0 0100100111000110000100000
0 0 0 0100101110111000100000000
0 0 0 0100110110110001000000000
0 0 0 0101000111000000000000000
0 0 0 0101100001000100000000000
0 0 0 0110101000001000000000000
0 0 0 0111000100000000000000000
0 0 0 1000110110000000000000000
0 0 0 0110111110000000000000000
0 0 0 0001111010000000000000000
0 0 0 0010100010010000000000000
0 0 0 0100110000001000000000000
0 0 0 0101011100000000000000000
0 0 0 0110011101000010000000000
0 0 0 0110101110110001000000000
0 0 0 0110110110111000100000000
0 0 0 0110111010011100010000000
0 0 0 0110111100001110001000000
0 0 0 0110111110000000000100011
0 0 0 0110111110000000001000111
0 0 0 0110111110000000010001110
0 0 0 0110111110000000100011100
0 0 0 0110111110000001000011000
0 0 0 0110111110000010001100001
0 0 0 0110111110000100011100010
0 0 0 0110111110001000111000100
0 0 0 0110111110010001110001000
0 0 0 0110111110100001100010000
0 0 0 0110111111000110000100000
0 0 0 0111011111000000000000000
0 0 0 0111111001000100000000000
0 0 0 1000100000001000000000000
0 0 0 1000000011001010000000000
0 0 0 1000100000000000111000100
0 0 0 1000100000001000000100011
0 0 0 1000100000001000001000111
0 0 0 1000100000001000010001110
0 0 0 1000100000001000100011100
0 0 0 1000100000001001000011000
0 0 0 1000100000001010001100001
0 0 0 1000100000001100011100010
0 0 0 1000100000011001110001000
0 0 0 1000100000101001100010000
0 0 0 1000100001001110000100000
0 0 0 1000100010000110001000000
0 0 0 1000100100010100010000000
0 0 0 1000101000110000100000000
0 0 0 1000110000111001000000000
0 0 0 1001000001001000000000000
0 0 0 1001100111001100000000000
0 0 0 1011000010001000000000000
0 0 0 1100111100011000000000000
0 0 0 1111100100001000000000000
0 0 0 1001001100000000000000000
0 0 0 1000001011000100000000000
0 0 0 1000101101000000000000000
0 0 0 1001000100111000100000000
0 0 0 1001001000011100010000000
0 0 0 1001001100000000000100011
0 0 0 1001001100000000001000111
0 0 0 1001001100000000010001110
0 0 0 1001001100000000100011100
0 0 0 1001001100000001000011000
0 0 0 1001001100000010001100001
0 0 0 1001001100000100011100010
0 0 0 1001001100001000111000100
0 0 0 1001001100010001110001000
0 0 0 1001001100100001100010000
0 0 0 1001001101000110000100000
0 0 0 1001001110001110001000000
0 0 0 1001011100110001000000000
0 0 0 1001101111000010000000000
0 0 0 1101010000010000000000000
0 0 0 1110001000000000000000000
0 0 0 1010001101000010000000000
0 0 0 1010000101111010100000000
0 0 0 1010001001011110010000000
0 0 0 1010001100000100000100000
0 0 0 1010001101000000001100001
0 0 0 1010001101000010000100011
0 0 0 1010001101000010001000111
0 0 0 1010001101000010010001110
0 0 0 1010001101000010100011100
0 0 0 1010001101000011000011000
0 0 0 1010001101000110011100010
0 0 0 1010001101001010111000100
0 0 0 1010001101010011110001000
0 0 0 1010001101100011100010000
0 0 0 1010001111001100001000000
0 0 0 1010011101110011000000000
0 0 0 1011001010000110000000000
0 0 0 1011101100000010000000000
0 0 0 1101001001000010000000000
0 0 0 1110010001010010000000000
0 0 0 1010100110111000100000000
0 0 0 1010100010100100110000000
0 0 0 1010100100110110101000000
0 0 0 1010100110011001000010000
0 0 0 1010100110101001010001000
0 0 0 1010100110110000011000100
0 0 0 1010100110111000000011100
0 0 0 1010100110111000100100011
0 0 0 1010100110111000101000111
0 0 0 1010100110111000110001110
0 0 0 1010100110111001100011000
0 0 0 1010100110111010101100001
0 0 0 1010100110111100111100010
0 0 0 1010100111111110100100000
0 0 0 1010110110001001100000000
0 0 0 1011000111111000100000000
0 0 0 1011100001111100100000000
0 0 0 1101100010111000100000000
0 0 0 1110111010101000100000000
0 0 0 1010101010011100010000000
0 0 0 1010101000010010011000000
0 0 0 1010101010001101100001000
0 0 0 1010101010010100101000100
0 0 0 1010101010011000001100010
0 0 0 1010101010011100000001110
0 0 0 1010101010011100010100011
0 0 0 1010101010011100011000111
0 0 0 1010101010011100110011100
0 0 0 1010101010011101010011000
0 0 0 1010101010011110011100001
0 0 0 1010101010111101110010000
0 0 0 1010101011011010010100000
0 0 0 1010111010101101010000000
0 0 0 1011001011011100010000000
0 0 0 1011101101011000010000000
0 0 0 1101101110011100010000000
0 0 0 1110110110001100010000000
0 0 0 1010101100001110001000000
0 0 0 1010101100000110110000100
0 0 0 1010101100001010010100010
0 0 0 1010101100001100000100001
0 0 0 1010101100001110000000111
0 0 0 1010101100001110001100011
0 0 0 1010101100001110011001110
0 0 0 1010101100001110101011100
0 0 0 1010101100001111001011000
0 0 0 1010101100011111111001000
0 0 0 1010101100101111101010000
0 0 0 1010101101001000001100000
0 0 0 1010111100111111001000000
0 0 0 1011001101001110001000000
0 0 0 1011101011001010001000000
0 0 0 1101101000001110001000000
0 0 0 1110110000011110001000000
0 0 0 1010101110000000000100011
0 0 0 1010101110000000001100100
0 0 0 1010101110000000010101101
0 0 0 1010101110000000100111111
0 0 0 1010101110000001000111011
0 0 0 1010101110000010001000010
0 0 0 1010101110000100011000001
0 0 0 1010101110001000111100111
0 0 0 1010101110010001110101011
0 0 0 1010101110100001100110011
0 0 0 1010101111000110000000011
0 0 0 1010111110110001000100011
0 0 0 1011001111000000000100011
0 0 0 1011101001000100000100011
0 0 0 1101101010000000000100011
0 0 0 1110110010010000000100011
0 0 0 1010101110000000001000111
0 0 0 1010101110000000011001001
0 0 0 1010101110000000101011011
0 0 0 1010101110000001001011111
0 0 0 1010101110000010000100110
0 0 0 1010101110000100010100101
0 0 0 1010101110001000110000011
0 0 0 1010101110010001111001111
0 0 0 1010101110100001101010111
0 0 0 1010101111000110001100111
0 0 0 1010111110110001001000111
0 0 0 1011001111000000001000111
0 0 0 1011101001000100001000111
0 0 0 1101101010000000001000111
0 0 0 1110110010010000001000111
0 0 0 1010101110000000010001110
0 0 0 1010101110000000110010010
0 0 0 1010101110000001010010110
0 0 0 1010101110000010011101111
0 0 0 1010101110000100001101100
0 0 0 1010101110001000101001010
0 0 0 1010101110010001100000110
0 0 0 1010101110100001110011110
0 0 0 1010101111000110010101110
0 0 0 1010111110110001010001110
0 0 0 1011001111000000010001110
0 0 0 1011101001000100010001110
0 0 0 1101101010000000010001110
0 0 0 1110110010010000010001110
0 0 0 1010101110000000100011100
0 0 0 1010101110000001100000100
0 0 0 1010101110000010101111101
0 0 0 1010101110000100111111110
0 0 0 1010101110001000011011000
0 0 0 1010101110010001010010100
0 0 0 1010101110100001000001100
0 0 0 1010101111000110100111100
0 0 0 1010111110110001100011100
0 0 0 1011001111000000100011100
0 0 0 1011101001000100100011100
0 0 0 1101101010000000100011100
0 0 0 1110110010010000100011100
0 0 0 1010101110000001000011000
0 0 0 1010101110000011001111001
0 0 0 1010101110000101011111010
0 0 0 1010101110001001111011100
0 0 0 1010101110010000110010000
0 0 0 1010101110100000100001000
0 0 0 1010101111000111000111000
0 0 0 1010111110110000000011000
0 0 0 1011001111000001000011000
0 0 0 1011101001000101000011000
0 0 0 1101101010000001000011000
0 0 0 1110110010010001000011000
0 0 0 1010101110000010001100001
0 0 0 1010101110000110010000011
0 0 0 1010101110001010110100101
0 0 0 1010101110010011111101001
0 0 0 1010101110100011101110001
0 0 0 1010101111000100001000001
0 0 0 1010111110110011001100001
0 0 0 1011001111000010001100001
0 0 0 1011101001000110001100001
0 0 0 1101101010000010001100001
0 0 0 1110110010010010001100001
0 0 0 1010101110000100011100010
0 0 0 1010101110001100100100110
0 0 0 1010101110010101101101010
0 0 0 1010101110100101111110010
0 0 0 1010101111000010011000010
0 0 0 1010111110110101011100010
0 0 0 1011001111000100011100010
0 0 0 1011101001000000011100010
0 0 0 1101101010000100011100010
0 0 0 1110110010010100011100010
0 0 0 1010101110001000111000100
0 0 0 1010101110011001001001100
0 0 0 1010101110101001011010100
0 0 0 1010101111001110111100100
0 0 0 1010111110111001111000100
0 0 0 1011001111001000111000100
0 0 0 1011101001001100111000100
0 0 0 1101101010001000111000100
0 0 0 1110110010011000111000100
0 0 0 1010101110010001110001000
0 0 0 1010101110110000010011000
0 0 0 1010101111010111110101000
0 0 0 1010111110100000110001000
0 0 0 1011001111010001110001000
0 0 0 1011101001010101110001000
0 0 0 1101101010010001110001000
0 0 0 1110110010000001110001000
0 0 0 1010101110100001100010000
0 0 0 1010101111100111100110000
0 0 0 1010111110010000100010000
0 0 0 1011001111100001100010000
0 0 0 1011101001100101100010000
0 0 0 1101101010100001100010000
0 0 0 1110110010110001100010000
0 0 0 1010101111000110000100000
0 0 0 1010111111110111000100000
0 0 0 1011001110000110000100000
0 0 0 1011101000000010000100000
0 0 0 1101101011000110000100000
0 0 0 1110110011010110000100000
0 0 0 1010111110110001000000000
0 0 0 1011011111110001000000000
0 0 0 1011111001110101000000000
0 0 0 1101111010110001000000000
0 0 0 1110100010100001000000000
0 0 0 1011001111000000000000000
0 0 0 1010001000000100000000000
0 0 0 1100001011000000000000000
0 0 0 1111010011010000000000000
0 0 0 1011101001000100000000000
0 0 0 1100101101000100000000000
0 0 0 1111110101010100000000000
0 0 0 1101101010000000000000000
0 0 0 1001110110010000000000000
0 0 0 1110110010010000000000000
