0 0 0 1010101110000000000000000
0 0 0 0010110110100000000000000
0 0 0 0000111000101000000000000
0 0 0 0000011011101010000000000
0 0 0 0000001011011011000000000
0 0 0 0000010011010010100000000
0 0 0 0000011001100100001000000
0 0 0 0000011010101100000100000
0 0 0 0000011011001011100010000
0 0 0 0000011011100010111000100
0 0 0 0000011011101000001100001
0 0 0 0000011011101010000100011
0 0 0 0000011011101010001000111
0 0 0 0000011011101010010001110
0 0 0 0000011011101010100011100
0 0 0 0000011011101011000011000
0 0 0 0000011011101110011100010
0 0 0 0000011011111011110001000
0 0 0 0000011111110110010000000
0 0 0 0001011100101110000000000
0 0 0 0001111010101010000000000
0 0 0 0010010101100010000000000
0 0 0 0011111001101010000000000
0 0 0 0100000111111010000000000
0 0 0 0111011111101010000000000
0 0 0 1000000011001010000000000
0 0 0 1100001011101010000000000
0 0 0 1110010011101010000000000
0 0 0 0000101000011001000000000
0 0 0 0000100000100001100000000
0 0 0 0000101000001000110001000
0 0 0 0000101000010001111000100
0 0 0 0000101000011000000011000
0 0 0 0000101000011001000100011
0 0 0 0000101000011001001000111
0 0 0 0000101000011001010001110
0 0 0 0000101000011001100011100
0 0 0 0000101000011011001100001
0 0 0 0000101000011101011100010
0 0 0 0000101000111000100010000
0 0 0 0000101001011111000100000
0 0 0 0000101010010111001000000
0 0 0 0000101100000101010000000
0 0 0 0001001001011001000000000
0 0 0 0001101111011101000000000
0 0 0 0010100110010001000000000
0 0 0 0011001010011001000000000
0 0 0 0100110100001001000000000
0 0 0 0111101100011001000000000
0 0 0 1000110000111001000000000
0 0 0 1100111000011001000000000
0 0 0 1110100000011001000000000
0 0 0 0000110000010000100000000
0 0 0 0000110000000001010001000
0 0 0 0000110000010000000011100
0 0 0 0000110000010000100100011
0 0 0 0000110000010000101000111
0 0 0 0000110000010000110001110
0 0 0 0000110000010001100011000
0 0 0 0000110000010010101100001
0 0 0 0000110000010100111100010
0 0 0 0000110000011000011000100
0 0 0 0000110000110001000010000
0 0 0 0000110001010110100100000
0 0 0 0000110010011110101000000
0 0 0 0000110100001100110000000
0 0 0 0001010001010000100000000
0 0 0 0001110111010100100000000
0 0 0 0010111110011000100000000
0 0 0 0011010010010000100000000
0 0 0 0100101100000000100000000
0 0 0 0111110100010000100000000
0 0 0 1000101000110000100000000
0 0 0 1100100000010000100000000
0 0 0 1110111000010000100000000
0 0 0 0000111000001001100010000
0 0 0 0000111000000001011010100
0 0 0 0000111000001000100001000
0 0 0 0000111000001001000001100
0 0 0 0000111000001001100110011
0 0 0 0000111000001001101010111
0 0 0 0000111000001001110011110
0 0 0 0000111000001011101110001
0 0 0 0000111000001101111110010
0 0 0 0000111000011000010011000
0 0 0 0000111001001111100110000
0 0 0 0000111010000111101010000
0 0 0 0000111100010101110010000
0 0 0 0001011001001001100010000
0 0 0 0001111111001101100010000
0 0 0 0010110110000001100010000
0 0 0 0011011010001001100010000
0 0 0 0100100100011001100010000
0 0 0 0111111100001001100010000
0 0 0 1000100000101001100010000
0 0 0 1100101000001001100010000
0 0 0 1110110000001001100010000
0 0 0 0000111000100000111000100
0 0 0 0000111000100000011011000
0 0 0 0000111000100000101001010
0 0 0 0000111000100000110000011
0 0 0 0000111000100000111100111
0 0 0 0000111000100001111011100
0 0 0 0000111000100010110100101
0 0 0 0000111000100100100100110
0 0 0 0000111000110001001001100
0 0 0 0000111001100110111100100
0 0 0 0000111010101110110000100
0 0 0 0000111100111100101000100
0 0 0 0001011001100000111000100
0 0 0 0001111111100100111000100
0 0 0 0010110110101000111000100
0 0 0 0011011010100000111000100
0 0 0 0100100100110000111000100
0 0 0 0111111100100000111000100
0 0 0 1000100000000000111000100
0 0 0 1100101000100000111000100
0 0 0 1110110000100000111000100
0 0 0 0000111000101000000100011
0 0 0 0000111000101000001100100
0 0 0 0000111000101000010101101
0 0 0 0000111000101000100111111
0 0 0 0000111000101001000111011
0 0 0 0000111000101010001000010
0 0 0 0000111000101100011000001
0 0 0 0000111000111001110101011
0 0 0 0000111001101110000000011
0 0 0 0000111010100110001100011
0 0 0 0000111100110100010100011
0 0 0 0001011001101000000100011
0 0 0 0001111111101100000100011
0 0 0 0010110110100000000100011
0 0 0 0011011010101000000100011
0 0 0 0100100100111000000100011
0 0 0 0111111100101000000100011
0 0 0 1000100000001000000100011
0 0 0 1100101000101000000100011
0 0 0 1110110000101000000100011
0 0 0 0000111000101000001000111
0 0 0 0000111000101000011001001
0 0 0 0000111000101000101011011
0 0 0 0000111000101001001011111
0 0 0 0000111000101010000100110
0 0 0 0000111000101100010100101
0 0 0 0000111000111001111001111
0 0 0 0000111001101110001100111
0 0 0 0000111010100110000000111
0 0 0 0000111100110100011000111
0 0 0 0001011001101000001000111
0 0 0 0001111111101100001000111
0 0 0 0010110110100000001000111
0 0 0 0011011010101000001000111
0 0 0 0100100100111000001000111
0 0 0 0111111100101000001000111
0 0 0 1000100000001000001000111
0 0 0 1100101000101000001000111
0 0 0 1110110000101000001000111
0 0 0 0000111000101000010001110
0 0 0 0000111000101000110010010
0 0 0 0000111000101001010010110
0 0 0 0000111000101010011101111
0 0 0 0000111000101100001101100
0 0 0 0000111000111001100000110
0 0 0 0000111001101110010101110
0 0 0 0000111010100110011001110
0 0 0 0000111100110100000001110
0 0 0 0001011001101000010001110
0 0 0 0001111111101100010001110
0 0 0 0010110110100000010001110
0 0 0 0011011010101000010001110
0 0 0 0100100100111000010001110
0 0 0 0111111100101000010001110
0 0 0 1000100000001000010001110
0 0 0 1100101000101000010001110
0 0 0 1110110000101000010001110
0 0 0 0000111000101000100011100
0 0 0 0000111000101001100000100
0 0 0 0000111000101010101111101
0 0 0 0000111000101100111111110
0 0 0 0000111000111001010010100
0 0 0 0000111001101110100111100
0 0 0 0000111010100110101011100
0 0 0 0000111100110100110011100
0 0 0 0001011001101000100011100
0 0 0 0001111111101100100011100
0 0 0 0010110110100000100011100
0 0 0 0011011010101000100011100
0 0 0 0100100100111000100011100
0 0 0 0111111100101000100011100
0 0 0 1000100000001000100011100
0 0 0 1100101000101000100011100
0 0 0 1110110000101000100011100
0 0 0 0000111000101001000011000
0 0 0 0000111000101011001111001
0 0 0 0000111000101101011111010
0 0 0 0000111000111000110010000
0 0 0 0000111001101111000111000
0 0 0 0000111010100111001011000
0 0 0 0000111100110101010011000
0 0 0 0001011001101001000011000
0 0 0 0001111111101101000011000
0 0 0 0010110110100001000011000
0 0 0 0011011010101001000011000
0 0 0 0100100100111001000011000
0 0 0 0111111100101001000011000
0 0 0 1000100000001001000011000
0 0 0 1100101000101001000011000
0 0 0 1110110000101001000011000
0 0 0 0000111000101010001100001
0 0 0 0000111000101110010000011
0 0 0 0000111000111011111101001
0 0 0 0000111001101100001000001
0 0 0 0000111010100100000100001
0 0 0 0000111100110110011100001
0 0 0 0001011001101010001100001
0 0 0 0001111111101110001100001
0 0 0 0010110110100010001100001
0 0 0 0011011010101010001100001
0 0 0 0100100100111010001100001
0 0 0 0111111100101010001100001
0 0 0 1000100000001010001100001
0 0 0 1100101000101010001100001
0 0 0 1110110000101010001100001
0 0 0 0000111000101100011100010
0 0 0 0000111000111101101101010
0 0 0 0000111001101010011000010
0 0 0 0000111010100010010100010
0 0 0 0000111100110000001100010
0 0 0 0001011001101100011100010
0 0 0 0001111111101000011100010
0 0 0 0010110110100100011100010
0 0 0 0011011010101100011100010
0 0 0 0100100100111100011100010
0 0 0 0111111100101100011100010
0 0 0 1000100000001100011100010
0 0 0 1100101000101100011100010
0 0 0 1110110000101100011100010
0 0 0 0000111000111001110001000
0 0 0 0000111001111111110101000
0 0 0 0000111010110111111001000
0 0 0 0000111100100101100001000
0 0 0 0001011001111001110001000
0 0 0 0001111111111101110001000
0 0 0 0010110110110001110001000
0 0 0 0011011010111001110001000
0 0 0 0100100100101001110001000
0 0 0 0111111100111001110001000
0 0 0 1000100000011001110001000
0 0 0 1100101000111001110001000
0 0 0 1110110000111001110001000
0 0 0 0000111001101110000100000
0 0 0 0000111011100000001100000
0 0 0 0000111101110010010100000
0 0 0 0001011000101110000100000
0 0 0 0001111110101010000100000
0 0 0 0010110111100110000100000
0 0 0 0011011011101110000100000
0 0 0 0100100101111110000100000
0 0 0 0111111101101110000100000
0 0 0 1000100001001110000100000
0 0 0 1100101001101110000100000
0 0 0 1110110001101110000100000
0 0 0 0000111010100110001000000
0 0 0 0000111110111010011000000
0 0 0 0001011011100110001000000
0 0 0 0001111101100010001000000
0 0 0 0010110100101110001000000
0 0 0 0011011000100110001000000
0 0 0 0100100110110110001000000
0 0 0 0111111110100110001000000
0 0 0 1000100010000110001000000
0 0 0 1100101010100110001000000
0 0 0 1110110010100110001000000
0 0 0 0000111100110100010000000
0 0 0 0001011101110100010000000
0 0 0 0001111011110000010000000
0 0 0 0010110010111100010000000
0 0 0 0011011110110100010000000
0 0 0 0100100000100100010000000
0 0 0 0111111000110100010000000
0 0 0 1000100100010100010000000
0 0 0 1100101100110100010000000
0 0 0 1110110100110100010000000
0 0 0 0001011001101000000000000
0 0 0 0000011110101100000000000
0 0 0 0010111011101000000000000
0 0 0 0011010111100000000000000
0 0 0 0101000101111000000000000
0 0 0 0110011101101000000000000
0 0 0 1001000001001000000000000
0 0 0 1101001001101000000000000
0 0 0 1111010001101000000000000
0 0 0 0001111111101100000000000
0 0 0 0010011101101100000000000
0 0 0 0011110001100100000000000
0 0 0 0101100011111100000000000
0 0 0 0110111011101100000000000
0 0 0 1001100111001100000000000
0 0 0 1101101111101100000000000
0 0 0 1111110111101100000000000
0 0 0 0011011010101000000000000
0 0 0 0001010100100000000000000
0 0 0 0100011110101000000000000
0 0 0 0111000110111000000000000
0 0 0 1011000010001000000000000
0 0 0 1101010010101000000000000
0 0 0 1111001010101000000000000
0 0 0 0100100100111000000000000
0 0 0 0011100000111000000000000
0 0 0 0110101010110000000000000
0 0 0 1000110100111000000000000
0 0 0 1010101100111000000000000
0 0 0 1100111100011000000000000
0 0 0 0111111100101000000000000
0 0 0 0101110010100000000000000
0 0 0 1001110100101000000000000
0 0 0 1011101100101000000000000
0 0 0 1111100100001000000000000
0 0 0 1000100000001000000000000
0 0 0 0100110000001000000000000
0 0 0 0110101000001000000000000
0 0 0 1100101000101000000000000
0 0 0 0010100000101000000000000
0 0 0 1110100110100000000000000
0 0 0 1110110000101000000000000
0 0 0 1100111110100000000000000
0 0 0 0001010100100000000000000
0 0 0 0000010011100100000000000
0 0 0 0000000011010101000000000
0 0 0 0000010001101010001000000
0 0 0 0000010010100010000100000
0 0 0 0000010011000101100010000
0 0 0 0000010011100000011100010
0 0 0 0000010011100100000100011
0 0 0 0000010011100100001000111
0 0 0 0000010011100100010001110
0 0 0 0000010011100100100011100
0 0 0 0000010011100101000011000
0 0 0 0000010011100110001100001
0 0 0 0000010011101100111000100
0 0 0 0000010011110101110001000
0 0 0 0000010111111000010000000
0 0 0 0000011011011100100000000
0 0 0 0000110000100110000000000
0 0 0 0001110010100100000000000
0 0 0 0100001111110100000000000
0 0 0 0111010111100100000000000
0 0 0 1000001011000100000000000
0 0 0 1100000011100100000000000
0 0 0 1110011011100100000000000
0 0 0 0000110101100000000000000
0 0 0 0000010110100010000000000
0 0 0 0000100101010001000000000
0 0 0 0000110001111100010000000
0 0 0 0000110100100110000100000
0 0 0 0000110101000001100010000
0 0 0 0000110101100000000100011
0 0 0 0000110101100000001000111
0 0 0 0000110101100000010001110
0 0 0 0000110101100000100011100
0 0 0 0000110101100001000011000
0 0 0 0000110101100010001100001
0 0 0 0000110101100100011100010
0 0 0 0000110101101000111000100
0 0 0 0000110101110001110001000
0 0 0 0000110111101110001000000
0 0 0 0000111101011000100000000
0 0 0 0100101001110000000000000
0 0 0 0111110001100000000000000
0 0 0 1000101101000000000000000
0 0 0 1100100101100000000000000
0 0 0 1110111101100000000000000
0 0 0 0001000100010001000000000
0 0 0 0001000000001101010000000
0 0 0 0001000100000000110001000
0 0 0 0001000100010000000011000
0 0 0 0001000100010001000100011
0 0 0 0001000100010001001000111
0 0 0 0001000100010001010001110
0 0 0 0001000100010001100011100
0 0 0 0001000100010011001100001
0 0 0 0001000100010101011100010
0 0 0 0001000100011001111000100
0 0 0 0001000100110000100010000
0 0 0 0001000101010111000100000
0 0 0 0001000110011111001000000
0 0 0 0001001100101001100000000
0 0 0 0001100111010011000000000
0 0 0 0101011000000001000000000
0 0 0 0110000000010001000000000
0 0 0 1001011100110001000000000
0 0 0 1101010100010001000000000
0 0 0 1111001100010001000000000
0 0 0 0001010000111100010000000
0 0 0 0001010000011101110010000
0 0 0 0001010000101101100001000
0 0 0 0001010000110100101000100
0 0 0 0001010000111000001100010
0 0 0 0001010000111100000001110
0 0 0 0001010000111100010100011
0 0 0 0001010000111100011000111
0 0 0 0001010000111100110011100
0 0 0 0001010000111101010011000
0 0 0 0001010000111110011100001
0 0 0 0001010001111010010100000
0 0 0 0001010010110010011000000
0 0 0 0001011000000100110000000
0 0 0 0001110011111110010000000
0 0 0 0101001100101100010000000
0 0 0 0110010100111100010000000
0 0 0 1001001000011100010000000
0 0 0 1101000000111100010000000
0 0 0 1111011000111100010000000
0 0 0 0001010100000001100010000
0 0 0 0001010100000000100001000
0 0 0 0001010100000001000001100
0 0 0 0001010100000001100110011
0 0 0 0001010100000001101010111
0 0 0 0001010100000001110011110
0 0 0 0001010100000011101110001
0 0 0 0001010100000101111110010
0 0 0 0001010100001001011010100
0 0 0 0001010100010000010011000
0 0 0 0001010101000111100110000
0 0 0 0001010110001111101010000
0 0 0 0001011100111001000010000
0 0 0 0001110111000011100010000
0 0 0 0101001000010001100010000
0 0 0 0110010000000001100010000
0 0 0 1001001100100001100010000
0 0 0 1101000100000001100010000
0 0 0 1111011100000001100010000
0 0 0 0001010100100000000100011
0 0 0 0001010100100000001100100
0 0 0 0001010100100000010101101
0 0 0 0001010100100000100111111
0 0 0 0001010100100001000111011
0 0 0 0001010100100010001000010
0 0 0 0001010100100100011000001
0 0 0 0001010100101000111100111
0 0 0 0001010100110001110101011
0 0 0 0001010101100110000000011
0 0 0 0001010110101110001100011
0 0 0 0001011100011000100100011
0 0 0 0001110111100010000100011
0 0 0 0101001000110000000100011
0 0 0 0110010000100000000100011
0 0 0 1001001100000000000100011
0 0 0 1101000100100000000100011
0 0 0 1111011100100000000100011
0 0 0 0001010100100000001000111
0 0 0 0001010100100000011001001
0 0 0 0001010100100000101011011
0 0 0 0001010100100001001011111
0 0 0 0001010100100010000100110
0 0 0 0001010100100100010100101
0 0 0 0001010100101000110000011
0 0 0 0001010100110001111001111
0 0 0 0001010101100110001100111
0 0 0 0001010110101110000000111
0 0 0 0001011100011000101000111
0 0 0 0001110111100010001000111
0 0 0 0101001000110000001000111
0 0 0 0110010000100000001000111
0 0 0 1001001100000000001000111
0 0 0 1101000100100000001000111
0 0 0 1111011100100000001000111
0 0 0 0001010100100000010001110
0 0 0 0001010100100000110010010
0 0 0 0001010100100001010010110
0 0 0 0001010100100010011101111
0 0 0 0001010100100100001101100
0 0 0 0001010100101000101001010
0 0 0 0001010100110001100000110
0 0 0 0001010101100110010101110
0 0 0 0001010110101110011001110
0 0 0 0001011100011000110001110
0 0 0 0001110111100010010001110
0 0 0 0101001000110000010001110
0 0 0 0110010000100000010001110
0 0 0 1001001100000000010001110
0 0 0 1101000100100000010001110
0 0 0 1111011100100000010001110
0 0 0 0001010100100000100011100
0 0 0 0001010100100001100000100
0 0 0 0001010100100010101111101
0 0 0 0001010100100100111111110
0 0 0 0001010100101000011011000
0 0 0 0001010100110001010010100
0 0 0 0001010101100110100111100
0 0 0 0001010110101110101011100
0 0 0 0001011100011000000011100
0 0 0 0001110111100010100011100
0 0 0 0101001000110000100011100
0 0 0 0110010000100000100011100
0 0 0 1001001100000000100011100
0 0 0 1101000100100000100011100
0 0 0 1111011100100000100011100
0 0 0 0001010100100001000011000
0 0 0 0001010100100011001111001
0 0 0 0001010100100101011111010
0 0 0 0001010100101001111011100
0 0 0 0001010100110000110010000
0 0 0 0001010101100111000111000
0 0 0 0001010110101111001011000
0 0 0 0001011100011001100011000
0 0 0 0001110111100011000011000
0 0 0 0101001000110001000011000
0 0 0 0110010000100001000011000
0 0 0 1001001100000001000011000
0 0 0 1101000100100001000011000
0 0 0 1111011100100001000011000
0 0 0 0001010100100010001100001
0 0 0 0001010100100110010000011
0 0 0 0001010100101010110100101
0 0 0 0001010100110011111101001
0 0 0 0001010101100100001000001
0 0 0 0001010110101100000100001
0 0 0 0001011100011010101100001
0 0 0 0001110111100000001100001
0 0 0 0101001000110010001100001
0 0 0 0110010000100010001100001
0 0 0 1001001100000010001100001
0 0 0 1101000100100010001100001
0 0 0 1111011100100010001100001
0 0 0 0001010100100100011100010
0 0 0 0001010100101100100100110
0 0 0 0001010100110101101101010
0 0 0 0001010101100010011000010
0 0 0 0001010110101010010100010
0 0 0 0001011100011100111100010
0 0 0 0001110111100110011100010
0 0 0 0101001000110100011100010
0 0 0 0110010000100100011100010
0 0 0 1001001100000100011100010
0 0 0 1101000100100100011100010
0 0 0 1111011100100100011100010
0 0 0 0001010100101000111000100
0 0 0 0001010100111001001001100
0 0 0 0001010101101110111100100
0 0 0 0001010110100110110000100
0 0 0 0001011100010000011000100
0 0 0 0001110111101010111000100
0 0 0 0101001000111000111000100
0 0 0 0110010000101000111000100
0 0 0 1001001100001000111000100
0 0 0 1101000100101000111000100
0 0 0 1111011100101000111000100
0 0 0 0001010100110001110001000
0 0 0 0001010101110111110101000
0 0 0 0001010110111111111001000
0 0 0 0001011100001001010001000
0 0 0 0001110111110011110001000
0 0 0 0101001000100001110001000
0 0 0 0110010000110001110001000
0 0 0 1001001100010001110001000
0 0 0 1101000100110001110001000
0 0 0 1111011100110001110001000
0 0 0 0001010101100110000100000
0 0 0 0001010111101000001100000
0 0 0 0001011101011110100100000
0 0 0 0001110110100100000100000
0 0 0 0101001001110110000100000
0 0 0 0110010001100110000100000
0 0 0 1001001101000110000100000
0 0 0 1101000101100110000100000
0 0 0 1111011101100110000100000
0 0 0 0001010110101110001000000
0 0 0 0001011110010110101000000
0 0 0 0001110101101100001000000
0 0 0 0101001010111110001000000
0 0 0 0110010010101110001000000
0 0 0 1001001110001110001000000
0 0 0 1101000110101110001000000
0 0 0 1111011110101110001000000
0 0 0 0001011100011000100000000
0 0 0 0001111111011010100000000
0 0 0 0101000000001000100000000
0 0 0 0110011000011000100000000
0 0 0 1001000100111000100000000
0 0 0 1101001100011000100000000
0 0 0 1111010100011000100000000
0 0 0 0001110111100010000000000
0 0 0 0101101011110010000000000
0 0 0 0110110011100010000000000
0 0 0 1001101111000010000000000
0 0 0 1101100111100010000000000
0 0 0 1111111111100010000000000
0 0 0 0101001000110000000000000
0 0 0 0010001100110000000000000
0 0 0 1001011000110000000000000
0 0 0 1011000000110000000000000
0 0 0 1101010000010000000000000
0 0 0 0110010000100000000000000
0 0 0 1000011000100000000000000
0 0 0 1010000000100000000000000
0 0 0 1110001000000000000000000
0 0 0 1001001100000000000000000
0 0 0 0101011100000000000000000
0 0 0 0111000100000000000000000
0 0 0 1101000100100000000000000
0 0 0 0011001100100000000000000
0 0 0 1111011100100000000000000
0 0 0 0010010101100010000000000
0 0 0 0010000101010011000000000
0 0 0 0010000001001111010000000
0 0 0 0010000100010101000100000
0 0 0 0010000101000010110001000
0 0 0 0010000101010001001100001
0 0 0 0010000101010010000011000
0 0 0 0010000101010011000100011
0 0 0 0010000101010011001000111
0 0 0 0010000101010011010001110
0 0 0 0010000101010011100011100
0 0 0 0010000101010111011100010
0 0 0 0010000101011011111000100
0 0 0 0010000101110010100010000
0 0 0 0010000111011101001000000
0 0 0 0010001101101011100000000
0 0 0 0011000010010111000000000
0 0 0 0011100100010011000000000
0 0 0 0101000001010011000000000
0 0 0 0110011001000011000000000
0 0 0 1010011101110011000000000
0 0 0 1100001101010011000000000
0 0 0 1110010101010011000000000
0 0 0 0010010001111110010000000
0 0 0 0010010000111000010100000
0 0 0 0010010001011111110010000
0 0 0 0010010001101111100001000
0 0 0 0010010001110110101000100
0 0 0 0010010001111010001100010
0 0 0 0010010001111100011100001
0 0 0 0010010001111110000001110
0 0 0 0010010001111110010100011
0 0 0 0010010001111110011000111
0 0 0 0010010001111110110011100
0 0 0 0010010001111111010011000
0 0 0 0010010011110000011000000
0 0 0 0010011001000110110000000
0 0 0 0011010110111010010000000
0 0 0 0011110000111110010000000
0 0 0 0101010101111110010000000
0 0 0 0110001101101110010000000
0 0 0 1010001001011110010000000
0 0 0 1100011001111110010000000
0 0 0 1110000001111110010000000
0 0 0 0010010100100100000100000
0 0 0 0010010100000101100110000
0 0 0 0010010100100000011000010
0 0 0 0010010100100100000000011
0 0 0 0010010100100100001100111
0 0 0 0010010100100100010101110
0 0 0 0010010100100100100111100
0 0 0 0010010100100101000111000
0 0 0 0010010100100110001000001
0 0 0 0010010100101100111100100
0 0 0 0010010100110101110101000
0 0 0 0010010110101010001100000
0 0 0 0010011100011100100100000
0 0 0 0011010011100000000100000
0 0 0 0011110101100100000100000
0 0 0 0101010000100100000100000
0 0 0 0110001000110100000100000
0 0 0 1010001100000100000100000
0 0 0 1100011100100100000100000
0 0 0 1110000100100100000100000
0 0 0 0010010101000011100010000
0 0 0 0010010101000001101110001
0 0 0 0010010101000010100001000
0 0 0 0010010101000011000001100
0 0 0 0010010101000011100110011
0 0 0 0010010101000011101010111
0 0 0 0010010101000011110011110
0 0 0 0010010101000111111110010
0 0 0 0010010101001011011010100
0 0 0 0010010101010010010011000
0 0 0 0010010111001101101010000
0 0 0 0010011101111011000010000
0 0 0 0011010010000111100010000
0 0 0 0011110100000011100010000
0 0 0 0101010001000011100010000
0 0 0 0110001001010011100010000
0 0 0 1010001101100011100010000
0 0 0 1100011101000011100010000
0 0 0 1110000101000011100010000
0 0 0 0010010101100000001100001
0 0 0 0010010101100000000100110
0 0 0 0010010101100000001000010
0 0 0 0010010101100000011101111
0 0 0 0010010101100000101111101
0 0 0 0010010101100001001111001
0 0 0 0010010101100100010000011
0 0 0 0010010101101000110100101
0 0 0 0010010101110001111101001
0 0 0 0010010111101110000100001
0 0 0 0010011101011000101100001
0 0 0 0011010010100100001100001
0 0 0 0011110100100000001100001
0 0 0 0101010001100000001100001
0 0 0 0110001001110000001100001
0 0 0 1010001101000000001100001
0 0 0 1100011101100000001100001
0 0 0 1110000101100000001100001
0 0 0 0010010101100010000100011
0 0 0 0010010101100010001100100
0 0 0 0010010101100010010101101
0 0 0 0010010101100010100111111
0 0 0 0010010101100011000111011
0 0 0 0010010101100110011000001
0 0 0 0010010101101010111100111
0 0 0 0010010101110011110101011
0 0 0 0010010111101100001100011
0 0 0 0010011101011010100100011
0 0 0 0011010010100110000100011
0 0 0 0011110100100010000100011
0 0 0 0101010001100010000100011
0 0 0 0110001001110010000100011
0 0 0 1010001101000010000100011
0 0 0 1100011101100010000100011
0 0 0 1110000101100010000100011
0 0 0 0010010101100010001000111
0 0 0 0010010101100010011001001
0 0 0 0010010101100010101011011
0 0 0 0010010101100011001011111
0 0 0 0010010101100110010100101
0 0 0 0010010101101010110000011
0 0 0 0010010101110011111001111
0 0 0 0010010111101100000000111
0 0 0 0010011101011010101000111
0 0 0 0011010010100110001000111
0 0 0 0011110100100010001000111
0 0 0 0101010001100010001000111
0 0 0 0110001001110010001000111
0 0 0 1010001101000010001000111
0 0 0 1100011101100010001000111
0 0 0 1110000101100010001000111
0 0 0 0010010101100010010001110
0 0 0 0010010101100010110010010
0 0 0 0010010101100011010010110
0 0 0 0010010101100110001101100
0 0 0 0010010101101010101001010
0 0 0 0010010101110011100000110
0 0 0 0010010111101100011001110
0 0 0 0010011101011010110001110
0 0 0 0011010010100110010001110
0 0 0 0011110100100010010001110
0 0 0 0101010001100010010001110
0 0 0 0110001001110010010001110
0 0 0 1010001101000010010001110
0 0 0 1100011101100010010001110
0 0 0 1110000101100010010001110
0 0 0 0010010101100010100011100
0 0 0 0010010101100011100000100
0 0 0 0010010101100110111111110
0 0 0 0010010101101010011011000
0 0 0 0010010101110011010010100
0 0 0 0010010111101100101011100
0 0 0 0010011101011010000011100
0 0 0 0011010010100110100011100
0 0 0 0011110100100010100011100
0 0 0 0101010001100010100011100
0 0 0 0110001001110010100011100
0 0 0 1010001101000010100011100
0 0 0 1100011101100010100011100
0 0 0 1110000101100010100011100
0 0 0 0010010101100011000011000
0 0 0 0010010101100111011111010
0 0 0 0010010101101011111011100
0 0 0 0010010101110010110010000
0 0 0 0010010111101101001011000
0 0 0 0010011101011011100011000
0 0 0 0011010010100111000011000
0 0 0 0011110100100011000011000
0 0 0 0101010001100011000011000
0 0 0 0110001001110011000011000
0 0 0 1010001101000011000011000
0 0 0 1100011101100011000011000
0 0 0 1110000101100011000011000
0 0 0 0010010101100110011100010
0 0 0 0010010101101110100100110
0 0 0 0010010101110111101101010
0 0 0 0010010111101000010100010
0 0 0 0010011101011110111100010
0 0 0 0011010010100010011100010
0 0 0 0011110100100110011100010
0 0 0 0101010001100110011100010
0 0 0 0110001001110110011100010
0 0 0 1010001101000110011100010
0 0 0 1100011101100110011100010
0 0 0 1110000101100110011100010
0 0 0 0010010101101010111000100
0 0 0 0010010101111011001001100
0 0 0 0010010111100100110000100
0 0 0 0010011101010010011000100
0 0 0 0011010010101110111000100
0 0 0 0011110100101010111000100
0 0 0 0101010001101010111000100
0 0 0 0110001001111010111000100
0 0 0 1010001101001010111000100
0 0 0 1100011101101010111000100
0 0 0 1110000101101010111000100
0 0 0 0010010101110011110001000
0 0 0 0010010111111101111001000
0 0 0 0010011101001011010001000
0 0 0 0011010010110111110001000
0 0 0 0011110100110011110001000
0 0 0 0101010001110011110001000
0 0 0 0110001001100011110001000
0 0 0 1010001101010011110001000
0 0 0 1100011101110011110001000
0 0 0 1110000101110011110001000
0 0 0 0010010111101100001000000
0 0 0 0010011111010100101000000
0 0 0 0011010000101000001000000
0 0 0 0011110110101100001000000
0 0 0 0101010011101100001000000
0 0 0 0110001011111100001000000
0 0 0 1010001111001100001000000
0 0 0 1100011111101100001000000
0 0 0 1110000111101100001000000
0 0 0 0010011101011010100000000
0 0 0 0011011010011110100000000
0 0 0 0011111100011010100000000
0 0 0 0101011001011010100000000
0 0 0 0110000001001010100000000
0 0 0 1010000101111010100000000
0 0 0 1100010101011010100000000
0 0 0 1110001101011010100000000
0 0 0 0011010010100110000000000
0 0 0 0010110011100110000000000
0 0 0 0100010110100110000000000
0 0 0 0111001110110110000000000
0 0 0 1011001010000110000000000
0 0 0 1101011010100110000000000
0 0 0 1111000010100110000000000
0 0 0 0011110100100010000000000
0 0 0 0100110000100010000000000
0 0 0 0111101000110010000000000
0 0 0 1011101100000010000000000
0 0 0 1101111100100010000000000
0 0 0 1111100100100010000000000
0 0 0 0101010001100010000000000
0 0 0 0001001101110010000000000
0 0 0 1001000001100010000000000
0 0 0 1011011001100010000000000
0 0 0 1101001001000010000000000
0 0 0 0110001001110010000000000
0 0 0 1000000001110010000000000
0 0 0 1010011001110010000000000
0 0 0 1110010001010010000000000
0 0 0 1010001101000010000000000
0 0 0 0100000101000010000000000
0 0 0 0110011101000010000000000
0 0 0 1100011101100010000000000
0 0 0 0000001101100010000000000
0 0 0 1110000101100010000000000
0 0 0 0010100110010001000000000
0 0 0 0010100010001101010000000
0 0 0 0010100000000011011000000
0 0 0 0010100010000101101000100
0 0 0 0010100010001001001100010
0 0 0 0010100010001100010011000
0 0 0 0010100010001101000001110
0 0 0 0010100010001101010100011
0 0 0 0010100010001101011000111
0 0 0 0010100010001101110011100
0 0 0 0010100010001111011100001
0 0 0 0010100010011100100001000
0 0 0 0010100010101100110010000
0 0 0 0010100011001011010100000
0 0 0 0010101010110101110000000
0 0 0 0011000011001101010000000
0 0 0 0011100101001001010000000
0 0 0 0101100110001101010000000
0 0 0 0110111110011101010000000
0 0 0 1010111010101101010000000
0 0 0 1100101010001101010000000
0 0 0 1110110010001101010000000
0 0 0 0010100100011111001000000
0 0 0 0010100100001110111001000
0 0 0 0010100100010111110000100
0 0 0 0010100100011011010100010
0 0 0 0010100100011101000100001
0 0 0 0010100100011110001011000
0 0 0 0010100100011111000000111
0 0 0 0010100100011111001100011
0 0 0 0010100100011111011001110
0 0 0 0010100100011111101011100
0 0 0 0010100100111110101010000
0 0 0 0010100101011001001100000
0 0 0 0010101100100111101000000
0 0 0 0011000101011111001000000
0 0 0 0011100011011011001000000
0 0 0 0101100000011111001000000
0 0 0 0110111000001111001000000
0 0 0 1010111100111111001000000
0 0 0 1100101100011111001000000
0 0 0 1110110100011111001000000
0 0 0 0010100110000000110001000
0 0 0 0010100110000000010010100
0 0 0 0010100110000000100000110
0 0 0 0010100110000000110101011
0 0 0 0010100110000000111001111
0 0 0 0010100110000001110010000
0 0 0 0010100110000010111101001
0 0 0 0010100110000100101101010
0 0 0 0010100110001000001001100
0 0 0 0010100110100001010011000
0 0 0 0010100111000110110101000
0 0 0 0010101110111000010001000
0 0 0 0011000111000000110001000
0 0 0 0011100001000100110001000
0 0 0 0101100010000000110001000
0 0 0 0110111010010000110001000
0 0 0 1010111110100000110001000
0 0 0 1100101110000000110001000
0 0 0 1110110110000000110001000
0 0 0 0010100110010000000011000
0 0 0 0010100110010000000111011
0 0 0 0010100110010000001011111
0 0 0 0010100110010000010010110
0 0 0 0010100110010000100000100
0 0 0 0010100110010010001111001
0 0 0 0010100110010100011111010
0 0 0 0010100110011000111011100
0 0 0 0010100110110001100001000
0 0 0 0010100111010110000111000
0 0 0 0010101110101000100011000
0 0 0 0011000111010000000011000
0 0 0 0011100001010100000011000
0 0 0 0101100010010000000011000
0 0 0 0110111010000000000011000
0 0 0 1010111110110000000011000
0 0 0 1100101110010000000011000
0 0 0 1110110110010000000011000
0 0 0 0010100110010001000100011
0 0 0 0010100110010001001100100
0 0 0 0010100110010001010101101
0 0 0 0010100110010001100111111
0 0 0 0010100110010011001000010
0 0 0 0010100110010101011000001
0 0 0 0010100110011001111100111
0 0 0 0010100110110000100110011
0 0 0 0010100111010111000000011
0 0 0 0010101110101001100100011
0 0 0 0011000111010001000100011
0 0 0 0011100001010101000100011
0 0 0 0101100010010001000100011
0 0 0 0110111010000001000100011
0 0 0 1010111110110001000100011
0 0 0 1100101110010001000100011
0 0 0 1110110110010001000100011
0 0 0 0010100110010001001000111
0 0 0 0010100110010001011001001
0 0 0 0010100110010001101011011
0 0 0 0010100110010011000100110
0 0 0 0010100110010101010100101
0 0 0 0010100110011001110000011
0 0 0 0010100110110000101010111
0 0 0 0010100111010111001100111
0 0 0 0010101110101001101000111
0 0 0 0011000111010001001000111
0 0 0 0011100001010101001000111
0 0 0 0101100010010001001000111
0 0 0 0110111010000001001000111
0 0 0 1010111110110001001000111
0 0 0 1100101110010001001000111
0 0 0 1110110110010001001000111
0 0 0 0010100110010001010001110
0 0 0 0010100110010001110010010
0 0 0 0010100110010011011101111
0 0 0 0010100110010101001101100
0 0 0 0010100110011001101001010
0 0 0 0010100110110000110011110
0 0 0 0010100111010111010101110
0 0 0 0010101110101001110001110
0 0 0 0011000111010001010001110
0 0 0 0011100001010101010001110
0 0 0 0101100010010001010001110
0 0 0 0110111010000001010001110
0 0 0 1010111110110001010001110
0 0 0 1100101110010001010001110
0 0 0 1110110110010001010001110
0 0 0 0010100110010001100011100
0 0 0 0010100110010011101111101
0 0 0 0010100110010101111111110
0 0 0 0010100110011001011011000
0 0 0 0010100110110000000001100
0 0 0 0010100111010111100111100
0 0 0 0010101110101001000011100
0 0 0 0011000111010001100011100
0 0 0 0011100001010101100011100
0 0 0 0101100010010001100011100
0 0 0 0110111010000001100011100
0 0 0 1010111110110001100011100
0 0 0 1100101110010001100011100
0 0 0 1110110110010001100011100
0 0 0 0010100110010011001100001
0 0 0 0010100110010111010000011
0 0 0 0010100110011011110100101
0 0 0 0010100110110010101110001
0 0 0 0010100111010101001000001
0 0 0 0010101110101011101100001
0 0 0 0011000111010011001100001
0 0 0 0011100001010111001100001
0 0 0 0101100010010011001100001
0 0 0 0110111010000011001100001
0 0 0 1010111110110011001100001
0 0 0 1100101110010011001100001
0 0 0 1110110110010011001100001
0 0 0 0010100110010101011100010
0 0 0 0010100110011101100100110
0 0 0 0010100110110100111110010
0 0 0 0010100111010011011000010
0 0 0 0010101110101101111100010
0 0 0 0011000111010101011100010
0 0 0 0011100001010001011100010
0 0 0 0101100010010101011100010
0 0 0 0110111010000101011100010
0 0 0 1010111110110101011100010
0 0 0 1100101110010101011100010
0 0 0 1110110110010101011100010
0 0 0 0010100110011001111000100
0 0 0 0010100110111000011010100
0 0 0 0010100111011111111100100
0 0 0 0010101110100001011000100
0 0 0 0011000111011001111000100
0 0 0 0011100001011101111000100
0 0 0 0101100010011001111000100
0 0 0 0110111010001001111000100
0 0 0 1010111110111001111000100
0 0 0 1100101110011001111000100
0 0 0 1110110110011001111000100
0 0 0 0010100110110000100010000
0 0 0 0010100111110110100110000
0 0 0 0010101110001000000010000
0 0 0 0011000111110000100010000
0 0 0 0011100001110100100010000
0 0 0 0101100010110000100010000
0 0 0 0110111010100000100010000
0 0 0 1010111110010000100010000
0 0 0 1100101110110000100010000
0 0 0 1110110110110000100010000
0 0 0 0010100111010111000100000
0 0 0 0010101111101111100100000
0 0 0 0011000110010111000100000
0 0 0 0011100000010011000100000
0 0 0 0101100011010111000100000
0 0 0 0110111011000111000100000
0 0 0 1010111111110111000100000
0 0 0 1100101111010111000100000
0 0 0 1110110111010111000100000
0 0 0 0010101110101001100000000
0 0 0 0011001111101001100000000
0 0 0 0011101001101101100000000
0 0 0 0101101010101001100000000
0 0 0 0110110010111001100000000
0 0 0 1010110110001001100000000
0 0 0 1100100110101001100000000
0 0 0 1110111110101001100000000
0 0 0 0011000111010001000000000
0 0 0 0010000000010101000000000
0 0 0 0100000011010001000000000
0 0 0 0111011011000001000000000
0 0 0 1011011111110001000000000
0 0 0 1101001111010001000000000
0 0 0 1111010111010001000000000
0 0 0 0011100001010101000000000
0 0 0 0100100101010101000000000
0 0 0 0111111101000101000000000
0 0 0 1011111001110101000000000
0 0 0 1101101001010101000000000
0 0 0 1111110001010101000000000
0 0 0 0101100010010001000000000
0 0 0 0001111110000001000000000
0 0 0 1001110010010001000000000
0 0 0 1011101010010001000000000
0 0 0 1101111010110001000000000
0 0 0 0110111010000001000000000
0 0 0 1000110010000001000000000
0 0 0 1010101010000001000000000
0 0 0 1110100010100001000000000
0 0 0 1010111110110001000000000
0 0 0 0100110110110001000000000
0 0 0 0110101110110001000000000
0 0 0 1100101110010001000000000
0 0 0 0000111110010001000000000
0 0 0 1110110110010001000000000
0 0 0 0010110010111100010000000
0 0 0 0010110000110010011000000
0 0 0 0010110000010011111010000
0 0 0 0010110000100011101001000
0 0 0 0010110000110000010100001
0 0 0 0010110000110010001001110
0 0 0 0010110000110010010000111
0 0 0 0010110000110010011100011
0 0 0 0010110000110010111011100
0 0 0 0010110000110011011011000
0 0 0 0010110000110110000100010
0 0 0 0010110000111010100000100
0 0 0 0010110001110100011100000
0 0 0 0010111000001010111000000
0 0 0 0011010001110010011000000
0 0 0 0011110111110110011000000
0 0 0 0101110100110010011000000
0 0 0 0110101100100010011000000
0 0 0 1010101000010010011000000
0 0 0 1100111000110010011000000
0 0 0 1110100000110010011000000
0 0 0 0010110010011101110010000
0 0 0 0010110010001100000011000
0 0 0 0010110010010101001010100
0 0 0 0010110010011001101110010
0 0 0 0010110010011100110001000
0 0 0 0010110010011101010001100
0 0 0 0010110010011101100011110
0 0 0 0010110010011101110110011
0 0 0 0010110010011101111010111
0 0 0 0010110010011111111110001
0 0 0 0010110011011011110110000
0 0 0 0010111010100101010010000
0 0 0 0011010011011101110010000
0 0 0 0011110101011001110010000
0 0 0 0101110110011101110010000
0 0 0 0110101110001101110010000
0 0 0 1010101010111101110010000
0 0 0 1100111010011101110010000
0 0 0 1110100010011101110010000
0 0 0 0010110010101101100001000
0 0 0 0010110010100101011001100
0 0 0 0010110010101001111101010
0 0 0 0010110010101100100010000
0 0 0 0010110010101101000010100
0 0 0 0010110010101101100101011
0 0 0 0010110010101101101001111
0 0 0 0010110010101101110000110
0 0 0 0010110010101111101101001
0 0 0 0010110011101011100101000
0 0 0 0010111010010101000001000
0 0 0 0011010011101101100001000
0 0 0 0011110101101001100001000
0 0 0 0101110110101101100001000
0 0 0 0110101110111101100001000
0 0 0 1010101010001101100001000
0 0 0 1100111010101101100001000
0 0 0 1110100010101101100001000
0 0 0 0010110010110100101000100
0 0 0 0010110010110000110100110
0 0 0 0010110010110100001011000
0 0 0 0010110010110100100000011
0 0 0 0010110010110100101100111
0 0 0 0010110010110100111001010
0 0 0 0010110010110101101011100
0 0 0 0010110010110110100100101
0 0 0 0010110011110010101100100
0 0 0 0010111010001100001000100
0 0 0 0011010011110100101000100
0 0 0 0011110101110000101000100
0 0 0 0101110110110100101000100
0 0 0 0110101110100100101000100
0 0 0 1010101010010100101000100
0 0 0 1100111010110100101000100
0 0 0 1110100010110100101000100
0 0 0 0010110010111000001100010
0 0 0 0010110010111000000100101
0 0 0 0010110010111000001000001
0 0 0 0010110010111000011101100
0 0 0 0010110010111000101111110
0 0 0 0010110010111001001111010
0 0 0 0010110010111010000000011
0 0 0 0010110011111110001000010
0 0 0 0010111010000000101100010
0 0 0 0011010011111000001100010
0 0 0 0011110101111100001100010
0 0 0 0101110110111000001100010
0 0 0 0110101110101000001100010
0 0 0 1010101010011000001100010
0 0 0 1100111010111000001100010
0 0 0 1110100010111000001100010
0 0 0 0010110010111100000001110
0 0 0 0010110010111100000101101
0 0 0 0010110010111100001001001
0 0 0 0010110010111100100010010
0 0 0 0010110010111101000010110
0 0 0 0010110010111110001101111
0 0 0 0010110011111010000101110
0 0 0 0010111010000100100001110
0 0 0 0011010011111100000001110
0 0 0 0011110101111000000001110
0 0 0 0101110110111100000001110
0 0 0 0110101110101100000001110
0 0 0 1010101010011100000001110
0 0 0 1100111010111100000001110
0 0 0 1110100010111100000001110
0 0 0 0010110010111100010100011
0 0 0 0010110010111100011100100
0 0 0 0010110010111100110111111
0 0 0 0010110010111101010111011
0 0 0 0010110010111110011000010
0 0 0 0010110011111010010000011
0 0 0 0010111010000100110100011
0 0 0 0011010011111100010100011
0 0 0 0011110101111000010100011
0 0 0 0101110110111100010100011
0 0 0 0110101110101100010100011
0 0 0 1010101010011100010100011
0 0 0 1100111010111100010100011
0 0 0 1110100010111100010100011
0 0 0 0010110010111100011000111
0 0 0 0010110010111100111011011
0 0 0 0010110010111101011011111
0 0 0 0010110010111110010100110
0 0 0 0010110011111010011100111
0 0 0 0010111010000100111000111
0 0 0 0011010011111100011000111
0 0 0 0011110101111000011000111
0 0 0 0101110110111100011000111
0 0 0 0110101110101100011000111
0 0 0 1010101010011100011000111
0 0 0 1100111010111100011000111
0 0 0 1110100010111100011000111
0 0 0 0010110010111100110011100
0 0 0 0010110010111101110000100
0 0 0 0010110010111110111111101
0 0 0 0010110011111010110111100
0 0 0 0010111010000100010011100
0 0 0 0011010011111100110011100
0 0 0 0011110101111000110011100
0 0 0 0101110110111100110011100
0 0 0 0110101110101100110011100
0 0 0 1010101010011100110011100
0 0 0 1100111010111100110011100
0 0 0 1110100010111100110011100
0 0 0 0010110010111101010011000
0 0 0 0010110010111111011111001
0 0 0 0010110011111011010111000
0 0 0 0010111010000101110011000
0 0 0 0011010011111101010011000
0 0 0 0011110101111001010011000
0 0 0 0101110110111101010011000
0 0 0 0110101110101101010011000
0 0 0 1010101010011101010011000
0 0 0 1100111010111101010011000
0 0 0 1110100010111101010011000
0 0 0 0010110010111110011100001
0 0 0 0010110011111000011000001
0 0 0 0010111010000110111100001
0 0 0 0011010011111110011100001
0 0 0 0011110101111010011100001
0 0 0 0101110110111110011100001
0 0 0 0110101110101110011100001
0 0 0 1010101010011110011100001
0 0 0 1100111010111110011100001
0 0 0 1110100010111110011100001
0 0 0 0010110011111010010100000
0 0 0 0010111011000010110100000
0 0 0 0011010010111010010100000
0 0 0 0011110100111110010100000
0 0 0 0101110111111010010100000
0 0 0 0110101111101010010100000
0 0 0 1010101011011010010100000
0 0 0 1100111011111010010100000
0 0 0 1110100011111010010100000
0 0 0 0010111010000100110000000
0 0 0 0011011011000100110000000
0 0 0 0011111101000000110000000
0 0 0 0101111110000100110000000
0 0 0 0110100110010100110000000
0 0 0 1010100010100100110000000
0 0 0 1100110010000100110000000
0 0 0 1110101010000100110000000
0 0 0 0011010011111100010000000
0 0 0 0010010100111000010000000
0 0 0 0100010111111100010000000
0 0 0 0111001111101100010000000
0 0 0 1011001011011100010000000
0 0 0 1101011011111100010000000
0 0 0 1111000011111100010000000
0 0 0 0011110101111000010000000
0 0 0 0100110001111000010000000
0 0 0 0111101001101000010000000
0 0 0 1011101101011000010000000
0 0 0 1101111101111000010000000
0 0 0 1111100101111000010000000
0 0 0 0101110110111100010000000
0 0 0 0001101010101100010000000
0 0 0 1001100110111100010000000
0 0 0 1011111110111100010000000
0 0 0 1101101110011100010000000
0 0 0 0110101110101100010000000
0 0 0 1000100110101100010000000
0 0 0 1010111110101100010000000
0 0 0 1110110110001100010000000
0 0 0 1010101010011100010000000
0 0 0 0100100010011100010000000
0 0 0 0110111010011100010000000
0 0 0 1100111010111100010000000
0 0 0 0000101010111100010000000
0 0 0 1110100010111100010000000
0 0 0 0010110100101110001000000
0 0 0 0010110100001111101010000
0 0 0 0010110100000111010010100
0 0 0 0010110100001011110110010
0 0 0 0010110100001101100110001
0 0 0 0010110100001110101001000
0 0 0 0010110100001111001001100
0 0 0 0010110100001111100010111
0 0 0 0010110100001111101110011
0 0 0 0010110100001111111011110
0 0 0 0010110100011110011011000
0 0 0 0010110101001001101110000
0 0 0 0010111100110111001010000
0 0 0 0011010101001111101010000
0 0 0 0011110011001011101010000
0 0 0 0101110000001111101010000
0 0 0 0110101000011111101010000
0 0 0 1010101100101111101010000
0 0 0 1100111100001111101010000
0 0 0 1110100100001111101010000
0 0 0 0010110100100110110000100
0 0 0 0010110100100010101100110
0 0 0 0010110100100100111100101
0 0 0 0010110100100110010011000
0 0 0 0010110100100110100001010
0 0 0 0010110100100110110100111
0 0 0 0010110100100110111000011
0 0 0 0010110100100111110011100
0 0 0 0010110100110111000001100
0 0 0 0010110101100000110100100
0 0 0 0010111100011110010000100
0 0 0 0011010101100110110000100
0 0 0 0011110011100010110000100
0 0 0 0101110000100110110000100
0 0 0 0110101000110110110000100
0 0 0 1010101100000110110000100
0 0 0 1100111100100110110000100
0 0 0 1110100100100110110000100
0 0 0 0010110100101010010100010
0 0 0 0010110100101000011000011
0 0 0 0010110100101010000101100
0 0 0 0010110100101010010000001
0 0 0 0010110100101010011100101
0 0 0 0010110100101010110111110
0 0 0 0010110100101011010111010
0 0 0 0010110100111011100101010
0 0 0 0010110101101100010000010
0 0 0 0010111100010010110100010
0 0 0 0011010101101010010100010
0 0 0 0011110011101110010100010
0 0 0 0101110000101010010100010
0 0 0 0110101000111010010100010
0 0 0 1010101100001010010100010
0 0 0 1100111100101010010100010
0 0 0 1110100100101010010100010
0 0 0 0010110100101100000100001
0 0 0 0010110100101100000000010
0 0 0 0010110100101100001100110
0 0 0 0010110100101100010101111
0 0 0 0010110100101100100111101
0 0 0 0010110100101101000111001
0 0 0 0010110100111101110101001
0 0 0 0010110101101010000000001
0 0 0 0010111100010100100100001
0 0 0 0011010101101100000100001
0 0 0 0011110011101000000100001
0 0 0 0101110000101100000100001
0 0 0 0110101000111100000100001
0 0 0 1010101100001100000100001
0 0 0 1100111100101100000100001
0 0 0 1110100100101100000100001
0 0 0 0010110100101110000000111
0 0 0 0010110100101110000100100
0 0 0 0010110100101110010001001
0 0 0 0010110100101110100011011
0 0 0 0010110100101111000011111
0 0 0 0010110100111111110001111
0 0 0 0010110101101000000100111
0 0 0 0010111100010110100000111
0 0 0 0011010101101110000000111
0 0 0 0011110011101010000000111
0 0 0 0101110000101110000000111
0 0 0 0110101000111110000000111
0 0 0 1010101100001110000000111
0 0 0 1100111100101110000000111
0 0 0 1110100100101110000000111
0 0 0 0010110100101110001100011
0 0 0 0010110100101110011101101
0 0 0 0010110100101110101111111
0 0 0 0010110100101111001111011
0 0 0 0010110100111111111101011
0 0 0 0010110101101000001000011
0 0 0 0010111100010110101100011
0 0 0 0011010101101110001100011
0 0 0 0011110011101010001100011
0 0 0 0101110000101110001100011
0 0 0 0110101000111110001100011
0 0 0 1010101100001110001100011
0 0 0 1100111100101110001100011
0 0 0 1110100100101110001100011
0 0 0 0010110100101110011001110
0 0 0 0010110100101110111010010
0 0 0 0010110100101111011010110
0 0 0 0010110100111111101000110
0 0 0 0010110101101000011101110
0 0 0 0010111100010110111001110
0 0 0 0011010101101110011001110
0 0 0 0011110011101010011001110
0 0 0 0101110000101110011001110
0 0 0 0110101000111110011001110
0 0 0 1010101100001110011001110
0 0 0 1100111100101110011001110
0 0 0 1110100100101110011001110
0 0 0 0010110100101110101011100
0 0 0 0010110100101111101000100
0 0 0 0010110100111111011010100
0 0 0 0010110101101000101111100
0 0 0 0010111100010110001011100
0 0 0 0011010101101110101011100
0 0 0 0011110011101010101011100
0 0 0 0101110000101110101011100
0 0 0 0110101000111110101011100
0 0 0 1010101100001110101011100
0 0 0 1100111100101110101011100
0 0 0 1110100100101110101011100
0 0 0 0010110100101111001011000
0 0 0 0010110100111110111010000
0 0 0 0010110101101001001111000
0 0 0 0010111100010111101011000
0 0 0 0011010101101111001011000
0 0 0 0011110011101011001011000
0 0 0 0101110000101111001011000
0 0 0 0110101000111111001011000
0 0 0 1010101100001111001011000
0 0 0 1100111100101111001011000
0 0 0 1110100100101111001011000
0 0 0 0010110100111111111001000
0 0 0 0010110101111001111101000
0 0 0 0010111100000111011001000
0 0 0 0011010101111111111001000
0 0 0 0011110011111011111001000
0 0 0 0101110000111111111001000
0 0 0 0110101000101111111001000
0 0 0 1010101100011111111001000
0 0 0 1100111100111111111001000
0 0 0 1110100100111111111001000
0 0 0 0010110101101000001100000
0 0 0 0010111101010000101100000
0 0 0 0011010100101000001100000
0 0 0 0011110010101100001100000
0 0 0 0101110001101000001100000
0 0 0 0110101001111000001100000
0 0 0 1010101101001000001100000
0 0 0 1100111101101000001100000
0 0 0 1110100101101000001100000
0 0 0 0010111100010110101000000
0 0 0 0011011101010110101000000
0 0 0 0011111011010010101000000
0 0 0 0101111000010110101000000
0 0 0 0110100000000110101000000
0 0 0 1010100100110110101000000
0 0 0 1100110100010110101000000
0 0 0 1110101100010110101000000
0 0 0 0011010101101110001000000
0 0 0 0010010010101010001000000
0 0 0 0100010001101110001000000
0 0 0 0111001001111110001000000
0 0 0 1011001101001110001000000
0 0 0 1101011101101110001000000
0 0 0 1111000101101110001000000
0 0 0 0011110011101010001000000
0 0 0 0100110111101010001000000
0 0 0 0111101111111010001000000
0 0 0 1011101011001010001000000
0 0 0 1101111011101010001000000
0 0 0 1111100011101010001000000
0 0 0 0101110000101110001000000
0 0 0 0001101100111110001000000
0 0 0 1001100000101110001000000
0 0 0 1011111000101110001000000
0 0 0 1101101000001110001000000
0 0 0 0110101000111110001000000
0 0 0 1000100000111110001000000
0 0 0 1010111000111110001000000
0 0 0 1110110000011110001000000
0 0 0 1010101100001110001000000
0 0 0 0100100100001110001000000
0 0 0 0110111100001110001000000
0 0 0 1100111100101110001000000
0 0 0 0000101100101110001000000
0 0 0 1110100100101110001000000
0 0 0 0010110110000001100010000
0 0 0 0010110110000000100001000
0 0 0 0010110110000000000010100
0 0 0 0010110110000000100101011
0 0 0 0010110110000000101001111
0 0 0 0010110110000000110000110
0 0 0 0010110110000010101101001
0 0 0 0010110110000100111101010
0 0 0 0010110110001000011001100
0 0 0 0010110110010001010000000
0 0 0 0010110111000110100101000
0 0 0 0010111110111000000001000
0 0 0 0011010111000000100001000
0 0 0 0011110001000100100001000
0 0 0 0101110010000000100001000
0 0 0 0110101010010000100001000
0 0 0 1010101110100000100001000
0 0 0 1100111110000000100001000
0 0 0 1110100110000000100001000
0 0 0 0010110110000001000001100
0 0 0 0010110110000001000101111
0 0 0 0010110110000001001001011
0 0 0 0010110110000001010000010
0 0 0 0010110110000011001101101
0 0 0 0010110110000101011101110
0 0 0 0010110110001001111001000
0 0 0 0010110110010000110000100
0 0 0 0010110111000111000101100
0 0 0 0010111110111001100001100
0 0 0 0011010111000001000001100
0 0 0 0011110001000101000001100
0 0 0 0101110010000001000001100
0 0 0 0110101010010001000001100
0 0 0 1010101110100001000001100
0 0 0 1100111110000001000001100
0 0 0 1110100110000001000001100
0 0 0 0010110110000001100110011
0 0 0 0010110110000001101110100
0 0 0 0010110110000001110111101
0 0 0 0010110110000011101010010
0 0 0 0010110110000101111010001
0 0 0 0010110110001001011110111
0 0 0 0010110110010000010111011
0 0 0 0010110111000111100010011
0 0 0 0010111110111001000110011
0 0 0 0011010111000001100110011
0 0 0 0011110001000101100110011
0 0 0 0101110010000001100110011
0 0 0 0110101010010001100110011
0 0 0 1010101110100001100110011
0 0 0 1100111110000001100110011
0 0 0 1110100110000001100110011
0 0 0 0010110110000001101010111
0 0 0 0010110110000001111011001
0 0 0 0010110110000011100110110
0 0 0 0010110110000101110110101
0 0 0 0010110110001001010010011
0 0 0 0010110110010000011011111
0 0 0 0010110111000111101110111
0 0 0 0010111110111001001010111
0 0 0 0011010111000001101010111
0 0 0 0011110001000101101010111
0 0 0 0101110010000001101010111
0 0 0 0110101010010001101010111
0 0 0 1010101110100001101010111
0 0 0 1100111110000001101010111
0 0 0 1110100110000001101010111
0 0 0 0010110110000001110011110
0 0 0 0010110110000011111111111
0 0 0 0010110110000101101111100
0 0 0 0010110110001001001011010
0 0 0 0010110110010000000010110
0 0 0 0010110111000111110111110
0 0 0 0010111110111001010011110
0 0 0 0011010111000001110011110
0 0 0 0011110001000101110011110
0 0 0 0101110010000001110011110
0 0 0 0110101010010001110011110
0 0 0 1010101110100001110011110
0 0 0 1100111110000001110011110
0 0 0 1110100110000001110011110
0 0 0 0010110110000011101110001
0 0 0 0010110110000111110010011
0 0 0 0010110110001011010110101
0 0 0 0010110110010010011111001
0 0 0 0010110111000101101010001
0 0 0 0010111110111011001110001
0 0 0 0011010111000011101110001
0 0 0 0011110001000111101110001
0 0 0 0101110010000011101110001
0 0 0 0110101010010011101110001
0 0 0 1010101110100011101110001
0 0 0 1100111110000011101110001
0 0 0 1110100110000011101110001
0 0 0 0010110110000101111110010
0 0 0 0010110110001101000110110
0 0 0 0010110110010100001111010
0 0 0 0010110111000011111010010
0 0 0 0010111110111101011110010
0 0 0 0011010111000101111110010
0 0 0 0011110001000001111110010
0 0 0 0101110010000101111110010
0 0 0 0110101010010101111110010
0 0 0 1010101110100101111110010
0 0 0 1100111110000101111110010
0 0 0 1110100110000101111110010
0 0 0 0010110110001001011010100
0 0 0 0010110110011000101011100
0 0 0 0010110111001111011110100
0 0 0 0010111110110001111010100
0 0 0 0011010111001001011010100
0 0 0 0011110001001101011010100
0 0 0 0101110010001001011010100
0 0 0 0110101010011001011010100
0 0 0 1010101110101001011010100
0 0 0 1100111110001001011010100
0 0 0 1110100110001001011010100
0 0 0 0010110110010000010011000
0 0 0 0010110111010110010111000
0 0 0 0010111110101000110011000
0 0 0 0011010111010000010011000
0 0 0 0011110001010100010011000
0 0 0 0101110010010000010011000
0 0 0 0110101010000000010011000
0 0 0 1010101110110000010011000
0 0 0 1100111110010000010011000
0 0 0 1110100110010000010011000
0 0 0 0010110111000111100110000
0 0 0 0010111111111111000110000
0 0 0 0011010110000111100110000
0 0 0 0011110000000011100110000
0 0 0 0101110011000111100110000
0 0 0 0110101011010111100110000
0 0 0 1010101111100111100110000
0 0 0 1100111111000111100110000
0 0 0 1110100111000111100110000
0 0 0 0010111110111001000010000
0 0 0 0011011111111001000010000
0 0 0 0011111001111101000010000
0 0 0 0101111010111001000010000
0 0 0 0110100010101001000010000
0 0 0 1010100110011001000010000
0 0 0 1100110110111001000010000
0 0 0 1110101110111001000010000
0 0 0 0011010111000001100010000
0 0 0 0010010000000101100010000
0 0 0 0100010011000001100010000
0 0 0 0111001011010001100010000
0 0 0 1011001111100001100010000
0 0 0 1101011111000001100010000
0 0 0 1111000111000001100010000
0 0 0 0011110001000101100010000
0 0 0 0100110101000101100010000
0 0 0 0111101101010101100010000
0 0 0 1011101001100101100010000
0 0 0 1101111001000101100010000
0 0 0 1111100001000101100010000
0 0 0 0101110010000001100010000
0 0 0 0001101110010001100010000
0 0 0 1001100010000001100010000
0 0 0 1011111010000001100010000
0 0 0 1101101010100001100010000
0 0 0 0110101010010001100010000
0 0 0 1000100010010001100010000
0 0 0 1010111010010001100010000
0 0 0 1110110010110001100010000
0 0 0 1010101110100001100010000
0 0 0 0100100110100001100010000
0 0 0 0110111110100001100010000
0 0 0 1100111110000001100010000
0 0 0 0000101110000001100010000
0 0 0 1110100110000001100010000
0 0 0 0010110110100000000100011
0 0 0 0010110110100000001100100
0 0 0 0010110110100000011101010
0 0 0 0010110110100000101111000
0 0 0 0010110110100001001111100
0 0 0 0010110110100010000000101
0 0 0 0010110110100100010000110
0 0 0 0010110110101000110100000
0 0 0 0010110110110001111101100
0 0 0 0010110111100110001000100
0 0 0 0010111110011000101100100
0 0 0 0011010111100000001100100
0 0 0 0011110001100100001100100
0 0 0 0101110010100000001100100
0 0 0 0110101010110000001100100
0 0 0 1010101110000000001100100
0 0 0 1100111110100000001100100
0 0 0 1110100110100000001100100
0 0 0 0010110110100000010101101
0 0 0 0010110110100000110110001
0 0 0 0010110110100001010110101
0 0 0 0010110110100010011001100
0 0 0 0010110110100100001001111
0 0 0 0010110110101000101101001
0 0 0 0010110110110001100100101
0 0 0 0010110111100110010001101
0 0 0 0010111110011000110101101
0 0 0 0011010111100000010101101
0 0 0 0011110001100100010101101
0 0 0 0101110010100000010101101
0 0 0 0110101010110000010101101
0 0 0 1010101110000000010101101
0 0 0 1100111110100000010101101
0 0 0 1110100110100000010101101
0 0 0 0010110110100000100111111
0 0 0 0010110110100001100100111
0 0 0 0010110110100010101011110
0 0 0 0010110110100100111011101
0 0 0 0010110110101000011111011
0 0 0 0010110110110001010110111
0 0 0 0010110111100110100011111
0 0 0 0010111110011000000111111
0 0 0 0011010111100000100111111
0 0 0 0011110001100100100111111
0 0 0 0101110010100000100111111
0 0 0 0110101010110000100111111
0 0 0 1010101110000000100111111
0 0 0 1100111110100000100111111
0 0 0 1110100110100000100111111
0 0 0 0010110110100001000111011
0 0 0 0010110110100011001011010
0 0 0 0010110110100101011011001
0 0 0 0010110110101001111111111
0 0 0 0010110110110000110110011
0 0 0 0010110111100111000011011
0 0 0 0010111110011001100111011
0 0 0 0011010111100001000111011
0 0 0 0011110001100101000111011
0 0 0 0101110010100001000111011
0 0 0 0110101010110001000111011
0 0 0 1010101110000001000111011
0 0 0 1100111110100001000111011
0 0 0 1110100110100001000111011
0 0 0 0010110110100010001000010
0 0 0 0010110110100110010100000
0 0 0 0010110110101010110000110
0 0 0 0010110110110011111001010
0 0 0 0010110111100100001100010
0 0 0 0010111110011010101000010
0 0 0 0011010111100010001000010
0 0 0 0011110001100110001000010
0 0 0 0101110010100010001000010
0 0 0 0110101010110010001000010
0 0 0 1010101110000010001000010
0 0 0 1100111110100010001000010
0 0 0 1110100110100010001000010
0 0 0 0010110110100100011000001
0 0 0 0010110110101100100000101
0 0 0 0010110110110101101001001
0 0 0 0010110111100010011100001
0 0 0 0010111110011100111000001
0 0 0 0011010111100100011000001
0 0 0 0011110001100000011000001
0 0 0 0101110010100100011000001
0 0 0 0110101010110100011000001
0 0 0 1010101110000100011000001
0 0 0 1100111110100100011000001
0 0 0 1110100110100100011000001
0 0 0 0010110110101000111100111
0 0 0 0010110110111001001101111
0 0 0 0010110111101110111000111
0 0 0 0010111110010000011100111
0 0 0 0011010111101000111100111
0 0 0 0011110001101100111100111
0 0 0 0101110010101000111100111
0 0 0 0110101010111000111100111
0 0 0 1010101110001000111100111
0 0 0 1100111110101000111100111
0 0 0 1110100110101000111100111
0 0 0 0010110110110001110101011
0 0 0 0010110111110111110001011
0 0 0 0010111110001001010101011
0 0 0 0011010111110001110101011
0 0 0 0011110001110101110101011
0 0 0 0101110010110001110101011
0 0 0 0110101010100001110101011
0 0 0 1010101110010001110101011
0 0 0 1100111110110001110101011
0 0 0 1110100110110001110101011
0 0 0 0010110111100110000000011
0 0 0 0010111111011110100000011
0 0 0 0011010110100110000000011
0 0 0 0011110000100010000000011
0 0 0 0101110011100110000000011
0 0 0 0110101011110110000000011
0 0 0 1010101111000110000000011
0 0 0 1100111111100110000000011
0 0 0 1110100111100110000000011
0 0 0 0010111110011000100100011
0 0 0 0011011111011000100100011
0 0 0 0011111001011100100100011
0 0 0 0101111010011000100100011
0 0 0 0110100010001000100100011
0 0 0 1010100110111000100100011
0 0 0 1100110110011000100100011
0 0 0 1110101110011000100100011
0 0 0 0011010111100000000100011
0 0 0 0010010000100100000100011
0 0 0 0100010011100000000100011
0 0 0 0111001011110000000100011
0 0 0 1011001111000000000100011
0 0 0 1101011111100000000100011
0 0 0 1111000111100000000100011
0 0 0 0011110001100100000100011
0 0 0 0100110101100100000100011
0 0 0 0111101101110100000100011
0 0 0 1011101001000100000100011
0 0 0 1101111001100100000100011
0 0 0 1111100001100100000100011
0 0 0 0101110010100000000100011
0 0 0 0001101110110000000100011
0 0 0 1001100010100000000100011
0 0 0 1011111010100000000100011
0 0 0 1101101010000000000100011
0 0 0 0110101010110000000100011
0 0 0 1000100010110000000100011
0 0 0 1010111010110000000100011
0 0 0 1110110010010000000100011
0 0 0 1010101110000000000100011
0 0 0 0100100110000000000100011
0 0 0 0110111110000000000100011
0 0 0 1100111110100000000100011
0 0 0 0000101110100000000100011
0 0 0 1110100110100000000100011
0 0 0 0010110110100000001000111
0 0 0 0010110110100000011001001
0 0 0 0010110110100000111010101
0 0 0 0010110110100001011010001
0 0 0 0010110110100010010101000
0 0 0 0010110110100100000101011
0 0 0 0010110110101000100001101
0 0 0 0010110110110001101000001
0 0 0 0010110111100110011101001
0 0 0 0010111110011000111001001
0 0 0 0011010111100000011001001
0 0 0 0011110001100100011001001
0 0 0 0101110010100000011001001
0 0 0 0110101010110000011001001
0 0 0 1010101110000000011001001
0 0 0 1100111110100000011001001
0 0 0 1110100110100000011001001
0 0 0 0010110110100000101011011
0 0 0 0010110110100001101000011
0 0 0 0010110110100010100111010
0 0 0 0010110110100100110111001
0 0 0 0010110110101000010011111
0 0 0 0010110110110001011010011
0 0 0 0010110111100110101111011
0 0 0 0010111110011000001011011
0 0 0 0011010111100000101011011
0 0 0 0011110001100100101011011
0 0 0 0101110010100000101011011
0 0 0 0110101010110000101011011
0 0 0 1010101110000000101011011
0 0 0 1100111110100000101011011
0 0 0 1110100110100000101011011
0 0 0 0010110110100001001011111
0 0 0 0010110110100011000111110
0 0 0 0010110110100101010111101
0 0 0 0010110110101001110011011
0 0 0 0010110110110000111010111
0 0 0 0010110111100111001111111
0 0 0 0010111110011001101011111
0 0 0 0011010111100001001011111
0 0 0 0011110001100101001011111
0 0 0 0101110010100001001011111
0 0 0 0110101010110001001011111
0 0 0 1010101110000001001011111
0 0 0 1100111110100001001011111
0 0 0 1110100110100001001011111
0 0 0 0010110110100010000100110
0 0 0 0010110110100110011000100
0 0 0 0010110110101010111100010
0 0 0 0010110110110011110101110
0 0 0 0010110111100100000000110
0 0 0 0010111110011010100100110
0 0 0 0011010111100010000100110
0 0 0 0011110001100110000100110
0 0 0 0101110010100010000100110
0 0 0 0110101010110010000100110
0 0 0 1010101110000010000100110
0 0 0 1100111110100010000100110
0 0 0 1110100110100010000100110
0 0 0 0010110110100100010100101
0 0 0 0010110110101100101100001
0 0 0 0010110110110101100101101
0 0 0 0010110111100010010000101
0 0 0 0010111110011100110100101
0 0 0 0011010111100100010100101
0 0 0 0011110001100000010100101
0 0 0 0101110010100100010100101
0 0 0 0110101010110100010100101
0 0 0 1010101110000100010100101
0 0 0 1100111110100100010100101
0 0 0 1110100110100100010100101
0 0 0 0010110110101000110000011
0 0 0 0010110110111001000001011
0 0 0 0010110111101110110100011
0 0 0 0010111110010000010000011
0 0 0 0011010111101000110000011
0 0 0 0011110001101100110000011
0 0 0 0101110010101000110000011
0 0 0 0110101010111000110000011
0 0 0 1010101110001000110000011
0 0 0 1100111110101000110000011
0 0 0 1110100110101000110000011
0 0 0 0010110110110001111001111
0 0 0 0010110111110111111101111
0 0 0 0010111110001001011001111
0 0 0 0011010111110001111001111
0 0 0 0011110001110101111001111
0 0 0 0101110010110001111001111
0 0 0 0110101010100001111001111
0 0 0 1010101110010001111001111
0 0 0 1100111110110001111001111
0 0 0 1110100110110001111001111
0 0 0 0010110111100110001100111
0 0 0 0010111111011110101100111
0 0 0 0011010110100110001100111
0 0 0 0011110000100010001100111
0 0 0 0101110011100110001100111
0 0 0 0110101011110110001100111
0 0 0 1010101111000110001100111
0 0 0 1100111111100110001100111
0 0 0 1110100111100110001100111
0 0 0 0010111110011000101000111
0 0 0 0011011111011000101000111
0 0 0 0011111001011100101000111
0 0 0 0101111010011000101000111
0 0 0 0110100010001000101000111
0 0 0 1010100110111000101000111
0 0 0 1100110110011000101000111
0 0 0 1110101110011000101000111
0 0 0 0011010111100000001000111
0 0 0 0010010000100100001000111
0 0 0 0100010011100000001000111
0 0 0 0111001011110000001000111
0 0 0 1011001111000000001000111
0 0 0 1101011111100000001000111
0 0 0 1111000111100000001000111
0 0 0 0011110001100100001000111
0 0 0 0100110101100100001000111
0 0 0 0111101101110100001000111
0 0 0 1011101001000100001000111
0 0 0 1101111001100100001000111
0 0 0 1111100001100100001000111
0 0 0 0101110010100000001000111
0 0 0 0001101110110000001000111
0 0 0 1001100010100000001000111
0 0 0 1011111010100000001000111
0 0 0 1101101010000000001000111
0 0 0 0110101010110000001000111
0 0 0 1000100010110000001000111
0 0 0 1010111010110000001000111
0 0 0 1110110010010000001000111
0 0 0 1010101110000000001000111
0 0 0 0100100110000000001000111
0 0 0 0110111110000000001000111
0 0 0 1100111110100000001000111
0 0 0 0000101110100000001000111
0 0 0 1110100110100000001000111
0 0 0 0010110110100000010001110
0 0 0 0010110110100000110010010
0 0 0 0010110110100001110001010
0 0 0 0010110110100010111110011
0 0 0 0010110110100100101110000
0 0 0 0010110110101000001010110
0 0 0 0010110110110001000011010
0 0 0 0010110111100110110110010
0 0 0 0010111110011000010010010
0 0 0 0011010111100000110010010
0 0 0 0011110001100100110010010
0 0 0 0101110010100000110010010
0 0 0 0110101010110000110010010
0 0 0 1010101110000000110010010
0 0 0 1100111110100000110010010
0 0 0 1110100110100000110010010
0 0 0 0010110110100001010010110
0 0 0 0010110110100011011110111
0 0 0 0010110110100101001110100
0 0 0 0010110110101001101010010
0 0 0 0010110110110000100011110
0 0 0 0010110111100111010110110
0 0 0 0010111110011001110010110
0 0 0 0011010111100001010010110
0 0 0 0011110001100101010010110
0 0 0 0101110010100001010010110
0 0 0 0110101010110001010010110
0 0 0 1010101110000001010010110
0 0 0 1100111110100001010010110
0 0 0 1110100110100001010010110
0 0 0 0010110110100010011101111
0 0 0 0010110110100110000001101
0 0 0 0010110110101010100101011
0 0 0 0010110110110011101100111
0 0 0 0010110111100100011001111
0 0 0 0010111110011010111101111
0 0 0 0011010111100010011101111
0 0 0 0011110001100110011101111
0 0 0 0101110010100010011101111
0 0 0 0110101010110010011101111
0 0 0 1010101110000010011101111
0 0 0 1100111110100010011101111
0 0 0 1110100110100010011101111
0 0 0 0010110110100100001101100
0 0 0 0010110110101100110101000
0 0 0 0010110110110101111100100
0 0 0 0010110111100010001001100
0 0 0 0010111110011100101101100
0 0 0 0011010111100100001101100
0 0 0 0011110001100000001101100
0 0 0 0101110010100100001101100
0 0 0 0110101010110100001101100
0 0 0 1010101110000100001101100
0 0 0 1100111110100100001101100
0 0 0 1110100110100100001101100
0 0 0 0010110110101000101001010
0 0 0 0010110110111001011000010
0 0 0 0010110111101110101101010
0 0 0 0010111110010000001001010
0 0 0 0011010111101000101001010
0 0 0 0011110001101100101001010
0 0 0 0101110010101000101001010
0 0 0 0110101010111000101001010
0 0 0 1010101110001000101001010
0 0 0 1100111110101000101001010
0 0 0 1110100110101000101001010
0 0 0 0010110110110001100000110
0 0 0 0010110111110111100100110
0 0 0 0010111110001001000000110
0 0 0 0011010111110001100000110
0 0 0 0011110001110101100000110
0 0 0 0101110010110001100000110
0 0 0 0110101010100001100000110
0 0 0 1010101110010001100000110
0 0 0 1100111110110001100000110
0 0 0 1110100110110001100000110
0 0 0 0010110111100110010101110
0 0 0 0010111111011110110101110
0 0 0 0011010110100110010101110
0 0 0 0011110000100010010101110
0 0 0 0101110011100110010101110
0 0 0 0110101011110110010101110
0 0 0 1010101111000110010101110
0 0 0 1100111111100110010101110
0 0 0 1110100111100110010101110
0 0 0 0010111110011000110001110
0 0 0 0011011111011000110001110
0 0 0 0011111001011100110001110
0 0 0 0101111010011000110001110
0 0 0 0110100010001000110001110
0 0 0 1010100110111000110001110
0 0 0 1100110110011000110001110
0 0 0 1110101110011000110001110
0 0 0 0011010111100000010001110
0 0 0 0010010000100100010001110
0 0 0 0100010011100000010001110
0 0 0 0111001011110000010001110
0 0 0 1011001111000000010001110
0 0 0 1101011111100000010001110
0 0 0 1111000111100000010001110
0 0 0 0011110001100100010001110
0 0 0 0100110101100100010001110
0 0 0 0111101101110100010001110
0 0 0 1011101001000100010001110
0 0 0 1101111001100100010001110
0 0 0 1111100001100100010001110
0 0 0 0101110010100000010001110
0 0 0 0001101110110000010001110
0 0 0 1001100010100000010001110
0 0 0 1011111010100000010001110
0 0 0 1101101010000000010001110
0 0 0 0110101010110000010001110
0 0 0 1000100010110000010001110
0 0 0 1010111010110000010001110
0 0 0 1110110010010000010001110
0 0 0 1010101110000000010001110
0 0 0 0100100110000000010001110
0 0 0 0110111110000000010001110
0 0 0 1100111110100000010001110
0 0 0 0000101110100000010001110
0 0 0 1110100110100000010001110
0 0 0 0010110110100000100011100
0 0 0 0010110110100001100000100
0 0 0 0010110110100011101100101
0 0 0 0010110110100101111100110
0 0 0 0010110110101001011000000
0 0 0 0010110110110000010001100
0 0 0 0010110111100111100100100
0 0 0 0010111110011001000000100
0 0 0 0011010111100001100000100
0 0 0 0011110001100101100000100
0 0 0 0101110010100001100000100
0 0 0 0110101010110001100000100
0 0 0 1010101110000001100000100
0 0 0 1100111110100001100000100
0 0 0 1110100110100001100000100
0 0 0 0010110110100010101111101
0 0 0 0010110110100110110011111
0 0 0 0010110110101010010111001
0 0 0 0010110110110011011110101
0 0 0 0010110111100100101011101
0 0 0 0010111110011010001111101
0 0 0 0011010111100010101111101
0 0 0 0011110001100110101111101
0 0 0 0101110010100010101111101
0 0 0 0110101010110010101111101
0 0 0 1010101110000010101111101
0 0 0 1100111110100010101111101
0 0 0 1110100110100010101111101
0 0 0 0010110110100100111111110
0 0 0 0010110110101100000111010
0 0 0 0010110110110101001110110
0 0 0 0010110111100010111011110
0 0 0 0010111110011100011111110
0 0 0 0011010111100100111111110
0 0 0 0011110001100000111111110
0 0 0 0101110010100100111111110
0 0 0 0110101010110100111111110
0 0 0 1010101110000100111111110
0 0 0 1100111110100100111111110
0 0 0 1110100110100100111111110
0 0 0 0010110110101000011011000
0 0 0 0010110110111001101010000
0 0 0 0010110111101110011111000
0 0 0 0010111110010000111011000
0 0 0 0011010111101000011011000
0 0 0 0011110001101100011011000
0 0 0 0101110010101000011011000
0 0 0 0110101010111000011011000
0 0 0 1010101110001000011011000
0 0 0 1100111110101000011011000
0 0 0 1110100110101000011011000
0 0 0 0010110110110001010010100
0 0 0 0010110111110111010110100
0 0 0 0010111110001001110010100
0 0 0 0011010111110001010010100
0 0 0 0011110001110101010010100
0 0 0 0101110010110001010010100
0 0 0 0110101010100001010010100
0 0 0 1010101110010001010010100
0 0 0 1100111110110001010010100
0 0 0 1110100110110001010010100
0 0 0 0010110111100110100111100
0 0 0 0010111111011110000111100
0 0 0 0011010110100110100111100
0 0 0 0011110000100010100111100
0 0 0 0101110011100110100111100
0 0 0 0110101011110110100111100
0 0 0 1010101111000110100111100
0 0 0 1100111111100110100111100
0 0 0 1110100111100110100111100
0 0 0 0010111110011000000011100
0 0 0 0011011111011000000011100
0 0 0 0011111001011100000011100
0 0 0 0101111010011000000011100
0 0 0 0110100010001000000011100
0 0 0 1010100110111000000011100
0 0 0 1100110110011000000011100
0 0 0 1110101110011000000011100
0 0 0 0011010111100000100011100
0 0 0 0010010000100100100011100
0 0 0 0100010011100000100011100
0 0 0 0111001011110000100011100
0 0 0 1011001111000000100011100
0 0 0 1101011111100000100011100
0 0 0 1111000111100000100011100
0 0 0 0011110001100100100011100
0 0 0 0100110101100100100011100
0 0 0 0111101101110100100011100
0 0 0 1011101001000100100011100
0 0 0 1101111001100100100011100
0 0 0 1111100001100100100011100
0 0 0 0101110010100000100011100
0 0 0 0001101110110000100011100
0 0 0 1001100010100000100011100
0 0 0 1011111010100000100011100
0 0 0 1101101010000000100011100
0 0 0 0110101010110000100011100
0 0 0 1000100010110000100011100
0 0 0 1010111010110000100011100
0 0 0 1110110010010000100011100
0 0 0 1010101110000000100011100
0 0 0 0100100110000000100011100
0 0 0 0110111110000000100011100
0 0 0 1100111110100000100011100
0 0 0 0000101110100000100011100
0 0 0 1110100110100000100011100
0 0 0 0010110110100001000011000
0 0 0 0010110110100011001111001
0 0 0 0010110110100111010011011
0 0 0 0010110110101011110111101
0 0 0 0010110110110010111110001
0 0 0 0010110111100101001011001
0 0 0 0010111110011011101111001
0 0 0 0011010111100011001111001
0 0 0 0011110001100111001111001
0 0 0 0101110010100011001111001
0 0 0 0110101010110011001111001
0 0 0 1010101110000011001111001
0 0 0 1100111110100011001111001
0 0 0 1110100110100011001111001
0 0 0 0010110110100101011111010
0 0 0 0010110110101101100111110
0 0 0 0010110110110100101110010
0 0 0 0010110111100011011011010
0 0 0 0010111110011101111111010
0 0 0 0011010111100101011111010
0 0 0 0011110001100001011111010
0 0 0 0101110010100101011111010
0 0 0 0110101010110101011111010
0 0 0 1010101110000101011111010
0 0 0 1100111110100101011111010
0 0 0 1110100110100101011111010
0 0 0 0010110110101001111011100
0 0 0 0010110110111000001010100
0 0 0 0010110111101111111111100
0 0 0 0010111110010001011011100
0 0 0 0011010111101001111011100
0 0 0 0011110001101101111011100
0 0 0 0101110010101001111011100
0 0 0 0110101010111001111011100
0 0 0 1010101110001001111011100
0 0 0 1100111110101001111011100
0 0 0 1110100110101001111011100
0 0 0 0010110110110000110010000
0 0 0 0010110111110110110110000
0 0 0 0010111110001000010010000
0 0 0 0011010111110000110010000
0 0 0 0011110001110100110010000
0 0 0 0101110010110000110010000
0 0 0 0110101010100000110010000
0 0 0 1010101110010000110010000
0 0 0 1100111110110000110010000
0 0 0 1110100110110000110010000
0 0 0 0010110111100111000111000
0 0 0 0010111111011111100111000
0 0 0 0011010110100111000111000
0 0 0 0011110000100011000111000
0 0 0 0101110011100111000111000
0 0 0 0110101011110111000111000
0 0 0 1010101111000111000111000
0 0 0 1100111111100111000111000
0 0 0 1110100111100111000111000
0 0 0 0010111110011001100011000
0 0 0 0011011111011001100011000
0 0 0 0011111001011101100011000
0 0 0 0101111010011001100011000
0 0 0 0110100010001001100011000
0 0 0 1010100110111001100011000
0 0 0 1100110110011001100011000
0 0 0 1110101110011001100011000
0 0 0 0011010111100001000011000
0 0 0 0010010000100101000011000
0 0 0 0100010011100001000011000
0 0 0 0111001011110001000011000
0 0 0 1011001111000001000011000
0 0 0 1101011111100001000011000
0 0 0 1111000111100001000011000
0 0 0 0011110001100101000011000
0 0 0 0100110101100101000011000
0 0 0 0111101101110101000011000
0 0 0 1011101001000101000011000
0 0 0 1101111001100101000011000
0 0 0 1111100001100101000011000
0 0 0 0101110010100001000011000
0 0 0 0001101110110001000011000
0 0 0 1001100010100001000011000
0 0 0 1011111010100001000011000
0 0 0 1101101010000001000011000
0 0 0 0110101010110001000011000
0 0 0 1000100010110001000011000
0 0 0 1010111010110001000011000
0 0 0 1110110010010001000011000
0 0 0 1010101110000001000011000
0 0 0 0100100110000001000011000
0 0 0 0110111110000001000011000
0 0 0 1100111110100001000011000
0 0 0 0000101110100001000011000
0 0 0 1110100110100001000011000
0 0 0 0010110110100010001100001
0 0 0 0010110110100110010000011
0 0 0 0010110110101110101000111
0 0 0 0010110110110111100001011
0 0 0 0010110111100000010100011
0 0 0 0010111110011110110000011
0 0 0 0011010111100110010000011
0 0 0 0011110001100010010000011
0 0 0 0101110010100110010000011
0 0 0 0110101010110110010000011
0 0 0 1010101110000110010000011
0 0 0 1100111110100110010000011
0 0 0 1110100110100110010000011
0 0 0 0010110110101010110100101
0 0 0 0010110110111011000101101
0 0 0 0010110111101100110000101
0 0 0 0010111110010010010100101
0 0 0 0011010111101010110100101
0 0 0 0011110001101110110100101
0 0 0 0101110010101010110100101
0 0 0 0110101010111010110100101
0 0 0 1010101110001010110100101
0 0 0 1100111110101010110100101
0 0 0 1110100110101010110100101
0 0 0 0010110110110011111101001
0 0 0 0010110111110101111001001
0 0 0 0010111110001011011101001
0 0 0 0011010111110011111101001
0 0 0 0011110001110111111101001
0 0 0 0101110010110011111101001
0 0 0 0110101010100011111101001
0 0 0 1010101110010011111101001
0 0 0 1100111110110011111101001
0 0 0 1110100110110011111101001
0 0 0 0010110111100100001000001
0 0 0 0010111111011100101000001
0 0 0 0011010110100100001000001
0 0 0 0011110000100000001000001
0 0 0 0101110011100100001000001
0 0 0 0110101011110100001000001
0 0 0 1010101111000100001000001
0 0 0 1100111111100100001000001
0 0 0 1110100111100100001000001
0 0 0 0010111110011010101100001
0 0 0 0011011111011010101100001
0 0 0 0011111001011110101100001
0 0 0 0101111010011010101100001
0 0 0 0110100010001010101100001
0 0 0 1010100110111010101100001
0 0 0 1100110110011010101100001
0 0 0 1110101110011010101100001
0 0 0 0011010111100010001100001
0 0 0 0010010000100110001100001
0 0 0 0100010011100010001100001
0 0 0 0111001011110010001100001
0 0 0 1011001111000010001100001
0 0 0 1101011111100010001100001
0 0 0 1111000111100010001100001
0 0 0 0011110001100110001100001
0 0 0 0100110101100110001100001
0 0 0 0111101101110110001100001
0 0 0 1011101001000110001100001
0 0 0 1101111001100110001100001
0 0 0 1111100001100110001100001
0 0 0 0101110010100010001100001
0 0 0 0001101110110010001100001
0 0 0 1001100010100010001100001
0 0 0 1011111010100010001100001
0 0 0 1101101010000010001100001
0 0 0 0110101010110010001100001
0 0 0 1000100010110010001100001
0 0 0 1010111010110010001100001
0 0 0 1110110010010010001100001
0 0 0 1010101110000010001100001
0 0 0 0100100110000010001100001
0 0 0 0110111110000010001100001
0 0 0 1100111110100010001100001
0 0 0 0000101110100010001100001
0 0 0 1110100110100010001100001
0 0 0 0010110110100100011100010
0 0 0 0010110110101100100100110
0 0 0 0010110110111101010101110
0 0 0 0010110111101010100000110
0 0 0 0010111110010100000100110
0 0 0 0011010111101100100100110
0 0 0 0011110001101000100100110
0 0 0 0101110010101100100100110
0 0 0 0110101010111100100100110
0 0 0 1010101110001100100100110
0 0 0 1100111110101100100100110
0 0 0 1110100110101100100100110
0 0 0 0010110110110101101101010
0 0 0 0010110111110011101001010
0 0 0 0010111110001101001101010
0 0 0 0011010111110101101101010
0 0 0 0011110001110001101101010
0 0 0 0101110010110101101101010
0 0 0 0110101010100101101101010
0 0 0 1010101110010101101101010
0 0 0 1100111110110101101101010
0 0 0 1110100110110101101101010
0 0 0 0010110111100010011000010
0 0 0 0010111111011010111000010
0 0 0 0011010110100010011000010
0 0 0 0011110000100110011000010
0 0 0 0101110011100010011000010
0 0 0 0110101011110010011000010
0 0 0 1010101111000010011000010
0 0 0 1100111111100010011000010
0 0 0 1110100111100010011000010
0 0 0 0010111110011100111100010
0 0 0 0011011111011100111100010
0 0 0 0011111001011000111100010
0 0 0 0101111010011100111100010
0 0 0 0110100010001100111100010
0 0 0 1010100110111100111100010
0 0 0 1100110110011100111100010
0 0 0 1110101110011100111100010
0 0 0 0011010111100100011100010
0 0 0 0010010000100000011100010
0 0 0 0100010011100100011100010
0 0 0 0111001011110100011100010
0 0 0 1011001111000100011100010
0 0 0 1101011111100100011100010
0 0 0 1111000111100100011100010
0 0 0 0011110001100000011100010
0 0 0 0100110101100000011100010
0 0 0 0111101101110000011100010
0 0 0 1011101001000000011100010
0 0 0 1101111001100000011100010
0 0 0 1111100001100000011100010
0 0 0 0101110010100100011100010
0 0 0 0001101110110100011100010
0 0 0 1001100010100100011100010
0 0 0 1011111010100100011100010
0 0 0 1101101010000100011100010
0 0 0 0110101010110100011100010
0 0 0 1000100010110100011100010
0 0 0 1010111010110100011100010
0 0 0 1110110010010100011100010
0 0 0 1010101110000100011100010
0 0 0 0100100110000100011100010
0 0 0 0110111110000100011100010
0 0 0 1100111110100100011100010
0 0 0 0000101110100100011100010
0 0 0 1110100110100100011100010
0 0 0 0010110110101000111000100
0 0 0 0010110110111001001001100
0 0 0 0010110111111111001101100
0 0 0 0010111110000001101001100
0 0 0 0011010111111001001001100
0 0 0 0011110001111101001001100
0 0 0 0101110010111001001001100
0 0 0 0110101010101001001001100
0 0 0 1010101110011001001001100
0 0 0 1100111110111001001001100
0 0 0 1110100110111001001001100
0 0 0 0010110111101110111100100
0 0 0 0010111111010110011100100
0 0 0 0011010110101110111100100
0 0 0 0011110000101010111100100
0 0 0 0101110011101110111100100
0 0 0 0110101011111110111100100
0 0 0 1010101111001110111100100
0 0 0 1100111111101110111100100
0 0 0 1110100111101110111100100
0 0 0 0010111110010000011000100
0 0 0 0011011111010000011000100
0 0 0 0011111001010100011000100
0 0 0 0101111010010000011000100
0 0 0 0110100010000000011000100
0 0 0 1010100110110000011000100
0 0 0 1100110110010000011000100
0 0 0 1110101110010000011000100
0 0 0 0011010111101000111000100
0 0 0 0010010000101100111000100
0 0 0 0100010011101000111000100
0 0 0 0111001011111000111000100
0 0 0 1011001111001000111000100
0 0 0 1101011111101000111000100
0 0 0 1111000111101000111000100
0 0 0 0011110001101100111000100
0 0 0 0100110101101100111000100
0 0 0 0111101101111100111000100
0 0 0 1011101001001100111000100
0 0 0 1101111001101100111000100
0 0 0 1111100001101100111000100
0 0 0 0101110010101000111000100
0 0 0 0001101110111000111000100
0 0 0 1001100010101000111000100
0 0 0 1011111010101000111000100
0 0 0 1101101010001000111000100
0 0 0 0110101010111000111000100
0 0 0 1000100010111000111000100
0 0 0 1010111010111000111000100
0 0 0 1110110010011000111000100
0 0 0 1010101110001000111000100
0 0 0 0100100110001000111000100
0 0 0 0110111110001000111000100
0 0 0 1100111110101000111000100
0 0 0 0000101110101000111000100
0 0 0 1110100110101000111000100
0 0 0 0010110110110001110001000
0 0 0 0010110111110111110101000
0 0 0 0010111111001111010101000
0 0 0 0011010110110111110101000
0 0 0 0011110000110011110101000
0 0 0 0101110011110111110101000
0 0 0 0110101011100111110101000
0 0 0 1010101111010111110101000
0 0 0 1100111111110111110101000
0 0 0 1110100111110111110101000
0 0 0 0010111110001001010001000
0 0 0 0011011111001001010001000
0 0 0 0011111001001101010001000
0 0 0 0101111010001001010001000
0 0 0 0110100010011001010001000
0 0 0 1010100110101001010001000
0 0 0 1100110110001001010001000
0 0 0 1110101110001001010001000
0 0 0 0011010111110001110001000
0 0 0 0010010000110101110001000
0 0 0 0100010011110001110001000
0 0 0 0111001011100001110001000
0 0 0 1011001111010001110001000
0 0 0 1101011111110001110001000
0 0 0 1111000111110001110001000
0 0 0 0011110001110101110001000
0 0 0 0100110101110101110001000
0 0 0 0111101101100101110001000
0 0 0 1011101001010101110001000
0 0 0 1101111001110101110001000
0 0 0 1111100001110101110001000
0 0 0 0101110010110001110001000
0 0 0 0001101110100001110001000
0 0 0 1001100010110001110001000
0 0 0 1011111010110001110001000
0 0 0 1101101010010001110001000
0 0 0 0110101010100001110001000
0 0 0 1000100010100001110001000
0 0 0 1010111010100001110001000
0 0 0 1110110010000001110001000
0 0 0 1010101110010001110001000
0 0 0 0100100110010001110001000
0 0 0 0110111110010001110001000
0 0 0 1100111110110001110001000
0 0 0 0000101110110001110001000
0 0 0 1110100110110001110001000
0 0 0 0010110111100110000100000
0 0 0 0010111111011110100100000
0 0 0 0011011110011110100100000
0 0 0 0011111000011010100100000
0 0 0 0101111011011110100100000
0 0 0 0110100011001110100100000
0 0 0 1010100111111110100100000
0 0 0 1100110111011110100100000
0 0 0 1110101111011110100100000
0 0 0 0011010110100110000100000
0 0 0 0010010001100010000100000
0 0 0 0100010010100110000100000
0 0 0 0111001010110110000100000
0 0 0 1011001110000110000100000
0 0 0 1101011110100110000100000
0 0 0 1111000110100110000100000
0 0 0 0011110000100010000100000
0 0 0 0100110100100010000100000
0 0 0 0111101100110010000100000
0 0 0 1011101000000010000100000
0 0 0 1101111000100010000100000
0 0 0 1111100000100010000100000
0 0 0 0101110011100110000100000
0 0 0 0001101111110110000100000
0 0 0 1001100011100110000100000
0 0 0 1011111011100110000100000
0 0 0 1101101011000110000100000
0 0 0 0110101011110110000100000
0 0 0 1000100011110110000100000
0 0 0 1010111011110110000100000
0 0 0 1110110011010110000100000
0 0 0 1010101111000110000100000
0 0 0 0100100111000110000100000
0 0 0 0110111111000110000100000
0 0 0 1100111111100110000100000
0 0 0 0000101111100110000100000
0 0 0 1110100111100110000100000
0 0 0 0010111110011000100000000
0 0 0 0011011111011000100000000
0 0 0 0010011000011100100000000
0 0 0 0100011011011000100000000
0 0 0 0111000011001000100000000
0 0 0 1011000111111000100000000
0 0 0 1101010111011000100000000
0 0 0 1111001111011000100000000
0 0 0 0011111001011100100000000
0 0 0 0100111101011100100000000
0 0 0 0111100101001100100000000
0 0 0 1011100001111100100000000
0 0 0 1101110001011100100000000
0 0 0 1111101001011100100000000
0 0 0 0101111010011000100000000
0 0 0 0001100110001000100000000
0 0 0 1001101010011000100000000
0 0 0 1011110010011000100000000
0 0 0 1101100010111000100000000
0 0 0 0110100010001000100000000
0 0 0 1000101010001000100000000
0 0 0 1010110010001000100000000
0 0 0 1110111010101000100000000
0 0 0 1010100110111000100000000
0 0 0 0100101110111000100000000
0 0 0 0110110110111000100000000
0 0 0 1100110110011000100000000
0 0 0 0000100110011000100000000
0 0 0 1110101110011000100000000
0 0 0 0011010111100000000000000
0 0 0 0010010000100100000000000
0 0 0 0101010100100100000000000
0 0 0 0110001100110100000000000
0 0 0 1010001000000100000000000
0 0 0 1100011000100100000000000
0 0 0 1110000000100100000000000
0 0 0 0100010011100000000000000
0 0 0 0000001111110000000000000
0 0 0 1000000011100000000000000
0 0 0 1010011011100000000000000
0 0 0 1100001011000000000000000
0 0 0 0111001011110000000000000
0 0 0 1001000011110000000000000
0 0 0 1011011011110000000000000
0 0 0 1111010011010000000000000
0 0 0 1011001111000000000000000
0 0 0 0101000111000000000000000
0 0 0 0111011111000000000000000
0 0 0 1101011111100000000000000
0 0 0 0001001111100000000000000
0 0 0 1111000111100000000000000
0 0 0 0011110001100100000000000
0 0 0 0100110101100100000000000
0 0 0 0000101001110100000000000
0 0 0 1000100101100100000000000
0 0 0 1010111101100100000000000
0 0 0 1100101101000100000000000
0 0 0 0111101101110100000000000
0 0 0 1001100101110100000000000
0 0 0 1011111101110100000000000
0 0 0 1111110101010100000000000
0 0 0 1011101001000100000000000
0 0 0 0101100001000100000000000
0 0 0 0111111001000100000000000
0 0 0 1101111001100100000000000
0 0 0 0001101001100100000000000
0 0 0 1111100001100100000000000
0 0 0 0101110010100000000000000
0 0 0 0001101110110000000000000
0 0 0 1001110110010000000000000
0 0 0 1101111110110000000000000
0 0 0 1111100110110000000000000
0 0 0 1001100010100000000000000
0 0 0 0001111010000000000000000
0 0 0 0111101010100000000000000
0 0 0 1011111010100000000000000
0 0 0 0011100010000000000000000
0 0 0 1101101010000000000000000
0 0 0 0110101010110000000000000
0 0 0 1000100010110000000000000
0 0 0 0000111010010000000000000
0 0 0 0100110010110000000000000
0 0 0 1010111010110000000000000
0 0 0 0010100010010000000000000
0 0 0 1110110010010000000000000
0 0 0 1100111110100000000000000
0 0 0 0000101110100000000000000
0 0 0 1000110110000000000000000
0 0 0 0100100110000000000000000
0 0 0 1110100110100000000000000
0 0 0 0110111110000000000000000
0 0 0 0100100110000000000000000
0 0 0 0000111010010000000000000
0 0 0 0000011001010010000000000
0 0 0 0000001001100011000000000
0 0 0 0000010001101010100000000
0 0 0 0000011000010100000100000
0 0 0 0000011001000011110001000
0 0 0 0000011001010000001100001
0 0 0 0000011001010010000100011
0 0 0 0000011001010010001000111
0 0 0 0000011001010010010001110
0 0 0 0000011001010010100011100
0 0 0 0000011001010011000011000
0 0 0 0000011001010110011100010
0 0 0 0000011001011010111000100
0 0 0 0000011001110011100010000
0 0 0 0000011011011100001000000
0 0 0 0000011101001110010000000
0 0 0 0001011110010110000000000
0 0 0 0001111000010010000000000
0 0 0 0010010111011010000000000
0 0 0 0011111011010010000000000
0 0 0 0111011101010010000000000
0 0 0 1100001001010010000000000
0 0 0 0000101010100001000000000
0 0 0 0000100010011001100000000
0 0 0 0000101000101111001000000
0 0 0 0000101010000000100010000
0 0 0 0000101010100000000011000
0 0 0 0000101010100001000100011
0 0 0 0000101010100001001000111
0 0 0 0000101010100001010001110
0 0 0 0000101010100001100011100
0 0 0 0000101010100011001100001
0 0 0 0000101010100101011100010
0 0 0 0000101010101001111000100
0 0 0 0000101010110000110001000
0 0 0 0000101011100111000100000
0 0 0 0000101110111101010000000
0 0 0 0001001011100001000000000
0 0 0 0001101101100101000000000
0 0 0 0010100100101001000000000
0 0 0 0011001000100001000000000
0 0 0 0111101110100001000000000
0 0 0 1100111010100001000000000
0 0 0 0000110010101000100000000
0 0 0 0000110000100110101000000
0 0 0 0000110010001001000010000
0 0 0 0000110010100000011000100
0 0 0 0000110010101000000011100
0 0 0 0000110010101000100100011
0 0 0 0000110010101000101000111
0 0 0 0000110010101000110001110
0 0 0 0000110010101001100011000
0 0 0 0000110010101010101100001
0 0 0 0000110010101100111100010
0 0 0 0000110010111001010001000
0 0 0 0000110011101110100100000
0 0 0 0000110110110100110000000
0 0 0 0001010011101000100000000
0 0 0 0001110101101100100000000
0 0 0 0010111100100000100000000
0 0 0 0011010000101000100000000
0 0 0 0111110110101000100000000
0 0 0 1100100010101000100000000
0 0 0 0000111000011110001000000
0 0 0 0000111000001111111001000
0 0 0 0000111000010110110000100
0 0 0 0000111000011010010100010
0 0 0 0000111000011100000100001
0 0 0 0000111000011110000000111
0 0 0 0000111000011110001100011
0 0 0 0000111000011110011001110
0 0 0 0000111000011110101011100
0 0 0 0000111000011111001011000
0 0 0 0000111000111111101010000
0 0 0 0000111001011000001100000
0 0 0 0000111100000010011000000
0 0 0 0001011001011110001000000
0 0 0 0001111111011010001000000
0 0 0 0010110110010110001000000
0 0 0 0011011010011110001000000
0 0 0 0111111100011110001000000
0 0 0 1100101000011110001000000
0 0 0 0000111010000001110001000
0 0 0 0000111010000000110010000
0 0 0 0000111010000001010010100
0 0 0 0000111010000001100000110
0 0 0 0000111010000001110101011
0 0 0 0000111010000001111001111
0 0 0 0000111010000011111101001
0 0 0 0000111010000101101101010
0 0 0 0000111010001001001001100
0 0 0 0000111010100000010011000
0 0 0 0000111011000111110101000
0 0 0 0000111110011101100001000
0 0 0 0001011011000001110001000
0 0 0 0001111101000101110001000
0 0 0 0010110100001001110001000
0 0 0 0011011000000001110001000
0 0 0 0111111110000001110001000
0 0 0 1100101010000001110001000
0 0 0 0000111010010000000100011
0 0 0 0000111010010000001100100
0 0 0 0000111010010000010101101
0 0 0 0000111010010000100111111
0 0 0 0000111010010001000111011
0 0 0 0000111010010010001000010
0 0 0 0000111010010100011000001
0 0 0 0000111010011000111100111
0 0 0 0000111010110001100110011
0 0 0 0000111011010110000000011
0 0 0 0000111110001100010100011
0 0 0 0001011011010000000100011
0 0 0 0001111101010100000100011
0 0 0 0010110100011000000100011
0 0 0 0011011000010000000100011
0 0 0 0111111110010000000100011
0 0 0 1100101010010000000100011
0 0 0 0000111010010000001000111
0 0 0 0000111010010000011001001
0 0 0 0000111010010000101011011
0 0 0 0000111010010001001011111
0 0 0 0000111010010010000100110
0 0 0 0000111010010100010100101
0 0 0 0000111010011000110000011
0 0 0 0000111010110001101010111
0 0 0 0000111011010110001100111
0 0 0 0000111110001100011000111
0 0 0 0001011011010000001000111
0 0 0 0001111101010100001000111
0 0 0 0010110100011000001000111
0 0 0 0011011000010000001000111
0 0 0 0111111110010000001000111
0 0 0 1100101010010000001000111
0 0 0 0000111010010000010001110
0 0 0 0000111010010000110010010
0 0 0 0000111010010001010010110
0 0 0 0000111010010010011101111
0 0 0 0000111010010100001101100
0 0 0 0000111010011000101001010
0 0 0 0000111010110001110011110
0 0 0 0000111011010110010101110
0 0 0 0000111110001100000001110
0 0 0 0001011011010000010001110
0 0 0 0001111101010100010001110
0 0 0 0010110100011000010001110
0 0 0 0011011000010000010001110
0 0 0 0111111110010000010001110
0 0 0 1100101010010000010001110
0 0 0 0000111010010000100011100
0 0 0 0000111010010001100000100
0 0 0 0000111010010010101111101
0 0 0 0000111010010100111111110
0 0 0 0000111010011000011011000
0 0 0 0000111010110001000001100
0 0 0 0000111011010110100111100
0 0 0 0000111110001100110011100
0 0 0 0001011011010000100011100
0 0 0 0001111101010100100011100
0 0 0 0010110100011000100011100
0 0 0 0011011000010000100011100
0 0 0 0111111110010000100011100
0 0 0 1100101010010000100011100
0 0 0 0000111010010001000011000
0 0 0 0000111010010011001111001
0 0 0 0000111010010101011111010
0 0 0 0000111010011001111011100
0 0 0 0000111010110000100001000
0 0 0 0000111011010111000111000
0 0 0 0000111110001101010011000
0 0 0 0001011011010001000011000
0 0 0 0001111101010101000011000
0 0 0 0010110100011001000011000
0 0 0 0011011000010001000011000
0 0 0 0111111110010001000011000
0 0 0 1100101010010001000011000
0 0 0 0000111010010010001100001
0 0 0 0000111010010110010000011
0 0 0 0000111010011010110100101
0 0 0 0000111010110011101110001
0 0 0 0000111011010100001000001
0 0 0 0000111110001110011100001
0 0 0 0001011011010010001100001
0 0 0 0001111101010110001100001
0 0 0 0010110100011010001100001
0 0 0 0011011000010010001100001
0 0 0 0111111110010010001100001
0 0 0 1100101010010010001100001
0 0 0 0000111010010100011100010
0 0 0 0000111010011100100100110
0 0 0 0000111010110101111110010
0 0 0 0000111011010010011000010
0 0 0 0000111110001000001100010
0 0 0 0001011011010100011100010
0 0 0 0001111101010000011100010
0 0 0 0010110100011100011100010
0 0 0 0011011000010100011100010
0 0 0 0111111110010100011100010
0 0 0 1100101010010100011100010
0 0 0 0000111010011000111000100
0 0 0 0000111010111001011010100
0 0 0 0000111011011110111100100
0 0 0 0000111110000100101000100
0 0 0 0001011011011000111000100
0 0 0 0001111101011100111000100
0 0 0 0010110100010000111000100
0 0 0 0011011000011000111000100
0 0 0 0111111110011000111000100
0 0 0 1100101010011000111000100
0 0 0 0000111010110001100010000
0 0 0 0000111011110111100110000
0 0 0 0000111110101101110010000
0 0 0 0001011011110001100010000
0 0 0 0001111101110101100010000
0 0 0 0010110100111001100010000
0 0 0 0011011000110001100010000
0 0 0 0111111110110001100010000
0 0 0 1100101010110001100010000
0 0 0 0000111011010110000100000
0 0 0 0000111111001010010100000
0 0 0 0001011010010110000100000
0 0 0 0001111100010010000100000
0 0 0 0010110101011110000100000
0 0 0 0011011001010110000100000
0 0 0 0111111111010110000100000
0 0 0 1100101011010110000100000
0 0 0 0000111110001100010000000
0 0 0 0001011111001100010000000
0 0 0 0001111001001000010000000
0 0 0 0010110000000100010000000
0 0 0 0011011100001100010000000
0 0 0 0111111010001100010000000
0 0 0 1100101110001100010000000
0 0 0 0001011011010000000000000
0 0 0 0000011100010100000000000
0 0 0 0010111001010000000000000
0 0 0 0011010101011000000000000
0 0 0 0110011111010000000000000
0 0 0 1101001011010000000000000
0 0 0 0001111101010100000000000
0 0 0 0010011111010100000000000
0 0 0 0011110011011100000000000
0 0 0 0110111001010100000000000
0 0 0 1101101101010100000000000
0 0 0 0010110100011000000000000
